time	sn_day_avg	sn_day_max	sn_day_min	sm_day_avg	sm_day_max	sm_day_min	sx_day_avg	sx_day_max	sx_day_min	dn_day_avg	dn_day_max	dn_day_min	dm_day_avg	dm_day_max	dm_day_min	dx_day_avg	dx_day_max	dx_day_min	ta_day_avg	ta_day_max	ta_day_min	pa_day_avg	pa_day_max	pa_day_min	ua_day_avg	ua_day_max	ua_day_min	rc_day_avg	rc_day_max	rc_day_min	rd_day_avg	rd_day_max	rd_day_min	ri_day_avg	ri_day_max	ri_day_min	
2018-01-01 00:00:00+01	0.42	2.50	0.00	1.02	3.90	0.10	1.58	5.90	0.30	219.26	359.00	1.00	241.57	359.00	0.00	218.35	359.00	0.00	5.51	9.30	2.10	980.54	981.60	979.00	72.08	80.00	60.50	0.02	0.35	0.00	83.43	1730.00	0.00	0.00	0.60	0.00	
2018-01-02 00:00:00+01	0.41	2.70	0.00	1.24	5.10	0.10	2.04	7.90	0.20	225.48	357.00	0.00	264.61	359.00	0.00	237.39	359.00	0.00	2.28	5.70	-2.00	981.21	984.30	979.60	73.96	80.50	65.50	0.01	0.03	0.00	93.61	400.00	0.00	0.00	0.40	0.00	
2018-01-03 00:00:00+01	0.81	4.60	0.00	2.35	8.20	0.10	3.85	11.90	0.20	174.13	350.00	1.00	222.26	354.00	2.00	229.65	359.00	0.00	4.00	6.30	0.20	974.93	984.50	966.90	67.01	79.10	43.50	0.79	2.01	0.00	2729.39	7000.00	0.00	0.08	2.20	0.00	
2018-01-04 00:00:00+01	0.98	5.10	0.00	2.57	8.20	0.30	4.02	11.50	0.80	179.04	257.00	1.00	223.17	328.00	110.00	244.43	359.00	0.00	5.48	7.80	4.00	973.89	975.50	970.90	64.41	77.70	53.10	0.53	2.02	0.00	4576.91	7070.00	0.00	0.02	0.90	0.00	
2018-01-05 00:00:00+01	0.57	4.40	0.00	1.83	7.10	0.10	3.06	10.70	0.30	191.00	359.00	0.00	207.48	359.00	0.00	205.48	359.00	0.00	6.68	9.90	3.00	975.05	979.60	971.00	61.41	74.30	51.80	0.17	0.81	0.00	1150.39	5060.00	0.00	0.03	1.50	0.00	
2018-01-06 00:00:00+01	0.24	1.50	0.00	0.64	1.90	0.10	1.02	2.60	0.30	209.61	359.00	0.00	201.13	359.00	0.00	169.30	359.00	0.00	7.65	10.10	5.50	983.03	987.10	979.40	76.64	81.00	69.30	0.04	0.93	0.00	352.09	5880.00	0.00	0.00	0.10	0.00	
2018-01-07 00:00:00+01	0.72	4.60	0.00	2.06	6.20	0.10	3.38	8.90	0.30	193.43	359.00	0.00	66.48	359.00	0.00	103.09	357.00	0.00	5.75	7.90	1.50	995.39	1003.40	987.00	77.06	80.20	71.70	0.00	0.00	0.00	12.70	100.00	0.00	0.00	0.00	0.00	
2018-01-08 00:00:00+01	0.63	3.50	0.00	2.48	5.30	0.40	4.54	8.90	1.10	165.35	359.00	0.00	69.74	118.00	24.00	136.35	268.00	51.00	0.85	1.50	-0.50	1004.97	1007.60	1002.90	76.04	78.50	72.80	0.14	0.24	0.00	975.04	1860.00	0.00	0.01	1.30	0.00	
2018-01-09 00:00:00+01	0.57	3.10	0.00	2.37	6.00	0.20	4.38	9.20	0.60	172.30	359.00	0.00	71.13	357.00	1.00	136.22	355.00	1.00	0.43	3.10	-2.60	1001.54	1006.70	994.60	67.53	76.70	57.70	0.01	0.24	0.00	82.30	1860.00	0.00	0.00	0.10	0.00	
2018-01-10 00:00:00+01	0.42	2.40	0.00	1.26	3.40	0.10	2.05	5.10	0.30	182.61	359.00	0.00	88.39	359.00	0.00	110.83	356.00	0.00	3.71	5.50	2.30	988.82	993.50	985.80	69.88	76.50	66.10	0.01	0.08	0.00	88.96	1090.00	0.00	0.00	0.50	0.00	
2018-01-11 00:00:00+01	0.54	2.80	0.00	1.57	4.30	0.20	2.54	5.20	0.50	157.39	359.00	0.00	56.61	359.00	0.00	107.87	263.00	1.00	1.37	3.00	0.80	989.06	993.30	986.60	79.26	82.50	75.70	0.20	0.72	0.00	2605.13	5310.00	20.00	0.02	1.90	0.00	
2018-01-12 00:00:00+01	0.65	3.50	0.00	2.77	6.30	0.40	5.16	11.50	0.90	168.43	359.00	0.00	68.43	113.00	22.00	137.26	242.00	66.00	0.93	2.00	-0.20	999.15	1004.00	993.70	78.01	82.90	71.20	0.01	0.21	0.00	135.91	2950.00	0.00	0.00	0.00	0.00	
2018-01-13 00:00:00+01	0.79	3.80	0.10	3.27	7.30	0.60	6.12	11.70	1.70	171.57	359.00	0.00	74.35	124.00	24.00	142.48	259.00	64.00	-0.51	0.20	-2.20	1003.95	1004.40	1003.50	63.01	75.50	49.40	0.00	0.00	0.00	0.43	10.00	0.00	0.00	0.00	0.00	
2018-01-14 00:00:00+01	0.71	3.80	0.10	2.93	6.70	0.50	5.42	10.90	1.50	156.00	359.00	0.00	75.13	142.00	29.00	143.70	265.00	69.00	-3.41	-0.60	-5.50	1003.14	1003.90	1002.50	60.82	66.60	51.00	0.00	0.00	0.00	0.00	0.00	0.00	0.00	0.00	0.00	
2018-01-15 00:00:00+01	0.44	2.60	0.00	1.54	4.60	0.30	2.74	9.00	0.70	149.39	359.00	0.00	78.30	354.00	0.00	142.04	303.00	9.00	-5.07	-2.30	-7.30	997.75	1002.60	989.00	63.66	70.70	55.40	0.00	0.00	0.00	0.00	0.00	0.00	0.00	0.00	0.00	
2018-01-16 00:00:00+01	0.50	4.90	0.00	1.47	7.70	0.10	2.41	10.10	0.30	131.61	358.00	0.00	152.13	359.00	0.00	191.13	359.00	0.00	-1.01	3.70	-6.60	975.31	988.00	966.40	62.61	79.30	45.60	0.00	0.00	0.00	0.17	10.00	0.00	0.00	0.00	0.00	
2018-01-17 00:00:00+01	1.03	5.50	0.00	3.11	10.70	0.50	5.08	15.10	0.90	203.30	276.00	59.00	259.35	345.00	148.00	246.26	359.00	0.00	2.43	5.10	0.80	969.17	974.70	966.80	63.62	78.60	48.70	0.00	0.00	0.00	15.00	120.00	0.00	0.00	0.00	0.00	
2018-01-18 00:00:00+01	0.97	4.80	0.00	2.88	9.20	0.40	4.75	13.70	0.90	189.09	281.00	26.00	243.09	324.00	134.00	247.22	359.00	0.00	2.26	5.50	-0.50	974.81	980.60	966.20	62.31	79.80	45.30	0.03	0.23	0.00	204.96	1200.00	0.00	0.01	1.40	0.00	
2018-01-19 00:00:00+01	1.15	7.50	0.00	3.82	14.00	0.20	6.53	20.70	0.50	203.52	289.00	68.00	259.39	342.00	24.00	248.61	359.00	0.00	2.78	6.00	0.30	976.84	983.90	966.70	61.71	76.50	46.20	0.01	0.24	0.00	116.04	1340.00	0.00	0.00	0.10	0.00	
2018-01-20 00:00:00+01	0.39	3.70	0.00	0.96	5.10	0.10	1.50	6.90	0.30	188.39	359.00	0.00	221.09	358.00	0.00	225.78	359.00	0.00	0.71	2.60	-2.70	982.50	984.20	979.10	73.31	78.60	61.30	0.00	0.01	0.00	58.39	130.00	0.00	0.00	0.20	0.00	
2018-01-21 00:00:00+01	0.53	3.00	0.00	1.64	5.90	0.10	2.76	9.00	0.40	237.57	359.00	0.00	139.74	359.00	0.00	93.78	359.00	0.00	-0.84	0.00	-3.50	981.70	989.60	977.80	78.12	80.90	71.20	0.00	0.01	0.00	11.00	130.00	0.00	0.00	0.00	0.00	
2018-01-22 00:00:00+01	0.50	3.10	0.00	1.67	4.80	0.10	2.92	6.90	0.40	146.35	359.00	0.00	125.09	359.00	0.00	160.30	359.00	0.00	-1.67	0.00	-3.40	989.39	990.70	988.00	70.92	77.50	54.90	0.02	0.02	0.00	252.39	280.00	0.00	0.00	0.10	0.00	
2018-01-23 00:00:00+01	0.38	2.30	0.00	1.28	3.20	0.20	2.22	5.00	0.50	156.52	359.00	0.00	71.65	358.00	0.00	136.30	355.00	8.00	-2.71	-1.20	-4.30	995.76	1000.80	989.30	71.35	76.20	65.20	0.01	0.02	0.00	145.52	280.00	0.00	0.00	0.50	0.00	
2018-01-24 00:00:00+01	0.30	1.80	0.00	0.76	2.50	0.10	1.25	3.60	0.20	198.74	359.00	0.00	199.00	359.00	0.00	191.13	359.00	0.00	2.05	7.10	-1.80	998.17	1000.50	995.50	66.79	76.60	55.80	0.00	0.02	0.00	22.13	200.00	0.00	0.00	0.00	0.00	
2018-01-25 00:00:00+01	0.29	1.50	0.00	0.64	2.10	0.10	1.01	2.70	0.30	224.17	359.00	0.00	224.35	359.00	0.00	204.74	359.00	0.00	3.64	10.90	-0.30	993.36	995.30	992.40	65.21	76.60	42.70	0.00	0.00	0.00	1.78	40.00	0.00	0.00	0.00	0.00	
2018-01-26 00:00:00+01	0.28	1.20	0.00	0.64	1.80	0.10	1.01	2.40	0.20	227.04	355.00	0.00	242.65	359.00	0.00	209.00	359.00	0.00	1.33	5.50	-2.10	993.00	996.80	991.50	69.51	77.60	55.80	0.00	0.00	0.00	0.00	0.00	0.00	0.00	0.00	0.00	
2018-01-27 00:00:00+01	0.35	1.50	0.00	0.79	2.30	0.10	1.21	3.60	0.20	196.13	353.00	11.00	237.83	359.00	0.00	233.13	359.00	0.00	1.61	3.80	-1.40	1002.17	1005.20	997.40	77.13	82.20	71.30	0.00	0.03	0.00	20.30	440.00	0.00	0.00	0.30	0.00	
2018-01-28 00:00:00+01	0.96	6.40	0.00	2.97	9.80	0.10	4.96	15.70	0.30	195.52	351.00	16.00	247.57	356.00	2.00	250.70	359.00	0.00	5.03	7.30	2.40	1000.26	1005.20	998.20	72.37	83.00	56.10	0.05	0.15	0.00	388.52	1300.00	0.00	0.01	1.10	0.00	
2018-01-29 00:00:00+01	1.21	6.10	0.10	4.27	9.20	1.60	7.53	15.10	2.70	202.39	276.00	99.00	263.09	315.00	229.00	251.70	359.00	0.00	8.52	11.30	6.60	993.93	998.10	988.30	66.12	74.20	58.90	0.01	0.20	0.00	87.04	1890.00	0.00	0.00	0.00	0.00	
2018-01-30 00:00:00+01	1.38	6.50	0.10	4.80	12.70	0.80	8.30	18.90	1.80	211.35	301.00	111.00	272.91	335.00	225.00	237.70	359.00	0.00	5.62	8.50	4.00	993.55	997.60	986.60	54.90	71.60	45.60	0.65	0.80	0.00	1947.70	2300.00	0.00	0.03	7.00	0.00	
2018-01-31 00:00:00+01	0.62	3.90	0.00	1.63	7.10	0.10	2.60	11.60	0.30	189.43	354.00	3.00	232.22	358.00	9.00	235.61	359.00	0.00	3.85	8.00	0.10	990.34	997.40	979.70	54.86	67.90	39.90	0.04	0.80	0.00	101.65	2300.00	0.00	0.00	0.00	0.00	
2018-02-01 00:00:00+01	0.26	2.30	0.00	0.75	3.40	0.10	1.24	4.50	0.20	186.57	358.00	0.00	199.65	359.00	0.00	191.87	359.00	0.00	5.52	9.40	1.80	976.18	978.80	975.10	64.03	81.60	44.00	0.18	2.42	0.00	1202.74	10260.00	0.00	0.10	5.10	0.00	
2018-02-02 00:00:00+01	0.46	2.60	0.00	1.18	5.20	0.10	1.84	7.30	0.30	187.26	357.00	12.00	233.78	358.00	4.00	229.91	359.00	0.00	3.16	4.90	1.00	979.73	980.80	977.20	73.87	80.40	59.00	0.11	2.51	0.00	515.57	11700.00	0.00	0.00	0.20	0.00	
2018-02-03 00:00:00+01	0.29	2.50	0.00	0.79	2.90	0.10	1.31	4.00	0.30	187.78	359.00	0.00	189.17	359.00	2.00	195.87	359.00	0.00	0.55	4.20	-2.00	977.78	980.20	975.20	74.58	79.80	57.90	0.00	0.00	0.00	0.00	0.00	0.00	0.00	0.00	0.00	
2018-02-04 00:00:00+01	0.40	2.70	0.00	1.14	4.40	0.20	1.87	5.60	0.50	229.83	359.00	0.00	217.39	359.00	0.00	151.22	359.00	0.00	0.16	1.70	-1.80	986.05	993.90	978.50	73.53	81.20	57.60	0.00	0.00	0.00	3.30	10.00	0.00	0.00	0.00	0.00	
2018-02-05 00:00:00+01	0.58	3.80	0.00	1.75	5.30	0.20	2.92	9.10	0.50	255.70	359.00	0.00	258.04	359.00	0.00	117.74	359.00	0.00	-1.61	0.40	-5.30	996.73	997.70	994.20	56.79	73.10	45.80	0.00	0.00	0.00	0.43	10.00	0.00	0.00	0.00	0.00	
2018-02-06 00:00:00+01	0.37	1.90	0.00	1.15	3.10	0.20	1.97	4.50	0.40	162.83	359.00	1.00	169.17	359.00	4.00	192.61	359.00	0.00	-4.32	-0.60	-8.80	993.89	996.70	991.70	55.12	73.10	35.10	0.00	0.00	0.00	0.00	0.00	0.00	0.00	0.00	0.00	
2018-02-07 00:00:00+01	0.47	2.70	0.00	1.58	3.70	0.30	2.69	5.10	0.70	157.35	359.00	0.00	66.48	139.00	4.00	130.70	307.00	36.00	-2.16	0.00	-4.90	988.72	991.50	986.40	67.86	81.60	58.20	0.00	0.01	0.00	15.26	70.00	0.00	0.00	0.00	0.00	
2018-02-08 00:00:00+01	0.40	2.80	0.00	1.27	3.30	0.20	2.12	4.20	0.40	233.61	359.00	0.00	250.57	359.00	0.00	149.96	359.00	0.00	-0.64	0.20	-1.40	988.45	990.90	986.30	76.44	78.90	72.90	0.00	0.01	0.00	3.09	70.00	0.00	0.00	0.00	0.00	
2018-02-09 00:00:00+01	0.44	2.10	0.00	1.27	3.60	0.20	2.07	4.90	0.50	201.17	359.00	0.00	209.30	354.00	1.00	166.96	359.00	0.00	-0.56	1.30	-1.50	990.58	991.30	989.40	70.68	76.50	61.90	0.00	0.00	0.00	0.00	0.00	0.00	0.00	0.00	0.00	
2018-02-10 00:00:00+01	0.43	2.30	0.00	1.30	3.20	0.20	2.17	4.30	0.50	168.78	359.00	0.00	70.13	359.00	0.00	129.22	347.00	27.00	-0.65	1.00	-1.70	989.46	990.10	988.70	70.32	75.80	62.30	0.00	0.00	0.00	15.48	30.00	0.00	0.00	0.00	0.00	
2018-02-11 00:00:00+01	0.30	2.70	0.00	1.07	3.90	0.10	1.88	5.20	0.40	153.48	359.00	0.00	104.43	359.00	0.00	168.39	351.00	11.00	-0.28	2.00	-2.00	983.86	988.30	980.60	66.15	73.70	54.90	0.00	0.00	0.00	1.35	30.00	0.00	0.00	0.00	0.00	
2018-02-12 00:00:00+01	0.38	2.90	0.00	0.97	4.10	0.10	1.55	5.50	0.30	200.30	357.00	1.00	229.04	359.00	1.00	227.74	359.00	0.00	1.46	3.20	0.00	983.64	988.00	980.60	67.91	75.70	61.00	0.00	0.00	0.00	5.96	20.00	0.00	0.00	0.00	0.00	
2018-02-13 00:00:00+01	0.52	2.80	0.00	1.35	4.00	0.10	2.16	5.90	0.30	176.83	359.00	0.00	122.87	358.00	1.00	148.78	359.00	0.00	1.14	3.10	-0.10	988.86	990.10	988.00	70.43	77.80	63.20	0.03	0.04	0.00	265.61	310.00	0.00	0.00	0.70	0.00	
2018-02-14 00:00:00+01	0.80	4.30	0.00	2.13	5.80	0.20	3.43	7.70	0.50	202.87	359.00	0.00	46.78	359.00	0.00	86.52	229.00	13.00	-0.28	0.80	-1.10	989.76	992.90	987.40	73.15	78.20	63.50	0.00	0.04	0.00	13.70	310.00	0.00	0.00	0.00	0.00	
2018-02-15 00:00:00+01	0.52	2.60	0.00	1.53	3.70	0.20	2.52	5.80	0.60	164.52	359.00	0.00	66.43	357.00	0.00	120.74	300.00	25.00	-0.87	0.60	-1.80	995.25	996.40	993.10	69.90	74.00	63.00	0.00	0.00	0.00	0.00	0.00	0.00	0.00	0.00	0.00	
2018-02-16 00:00:00+01	0.44	2.90	0.00	1.37	5.20	0.10	2.29	7.60	0.30	197.70	359.00	0.00	231.13	359.00	0.00	213.00	359.00	0.00	-0.04	2.30	-2.20	996.12	999.50	993.40	71.52	77.60	58.90	0.00	0.00	0.00	0.00	0.00	0.00	0.00	0.00	0.00	
2018-02-17 00:00:00+01	0.29	1.70	0.00	0.88	3.30	0.10	1.46	4.80	0.20	168.39	358.00	0.00	201.48	357.00	3.00	214.17	359.00	0.00	1.07	5.20	-2.80	997.08	999.90	994.50	66.01	76.60	52.70	0.00	0.00	0.00	0.00	0.00	0.00	0.00	0.00	0.00	
2018-02-18 00:00:00+01	0.56	3.90	0.00	1.50	5.30	0.10	2.48	8.30	0.30	258.26	359.00	0.00	222.91	359.00	0.00	115.61	359.00	0.00	1.30	2.90	0.30	998.28	1000.70	994.80	60.29	72.80	47.40	0.00	0.00	0.00	0.00	0.00	0.00	0.00	0.00	0.00	
2018-02-19 00:00:00+01	0.59	3.00	0.00	1.90	5.00	0.40	3.33	8.30	0.80	143.13	359.00	0.00	89.17	355.00	3.00	148.48	313.00	16.00	0.66	3.10	-2.00	996.81	1000.20	993.30	48.12	60.70	38.90	0.00	0.00	0.00	0.00	0.00	0.00	0.00	0.00	0.00	
2018-02-20 00:00:00+01	0.59	3.10	0.00	2.27	5.30	0.50	4.05	9.90	1.10	157.04	359.00	0.00	68.26	122.00	14.00	132.65	245.00	39.00	-2.37	-0.10	-5.20	991.04	993.10	989.90	62.15	71.70	51.70	0.00	0.00	0.00	0.00	0.00	0.00	0.00	0.00	0.00	
2018-02-21 00:00:00+01	0.67	3.30	0.00	1.69	4.60	0.20	2.68	6.40	0.50	194.09	359.00	0.00	112.61	359.00	0.00	114.04	358.00	0.00	-2.56	-1.00	-4.30	992.77	994.90	990.60	63.77	67.70	58.30	0.00	0.00	0.00	0.00	0.00	0.00	0.00	0.00	0.00	
2018-02-22 00:00:00+01	0.73	3.80	0.00	2.64	5.50	0.20	4.64	9.90	0.50	159.87	359.00	0.00	63.26	358.00	5.00	123.09	357.00	16.00	-2.12	-0.90	-3.00	994.71	995.30	994.20	61.96	69.90	53.80	0.00	0.00	0.00	0.00	0.00	0.00	0.00	0.00	0.00	
2018-02-23 00:00:00+01	0.81	4.30	0.00	2.46	6.40	0.30	4.13	8.40	0.90	180.04	359.00	0.00	59.48	359.00	0.00	103.52	233.00	2.00	-3.44	-2.10	-4.70	994.43	995.50	993.30	64.50	72.70	56.60	0.00	0.00	0.00	0.00	0.00	0.00	0.00	0.00	0.00	
2018-02-24 00:00:00+01	0.85	4.70	0.00	2.35	7.80	0.30	3.85	11.20	0.70	240.61	359.00	0.00	187.61	359.00	0.00	125.17	359.00	0.00	-6.38	-3.00	-10.10	995.17	999.50	993.30	60.90	75.30	48.60	0.00	0.00	0.00	6.96	20.00	0.00	0.00	0.00	0.00	
2018-02-25 00:00:00+01	0.65	3.60	0.00	1.80	4.90	0.30	2.99	6.70	0.70	268.26	359.00	0.00	171.70	359.00	0.00	71.35	359.00	0.00	-11.18	-8.90	-13.70	1000.00	1001.10	999.20	59.24	67.80	49.60	0.00	0.00	0.00	0.87	20.00	0.00	0.00	0.00	0.00	
2018-02-26 00:00:00+01	0.81	3.80	0.00	2.61	6.30	0.50	4.45	9.80	1.10	161.87	359.00	0.00	56.17	121.00	9.00	116.00	242.00	43.00	-10.74	-8.20	-13.10	996.74	999.50	994.10	59.76	69.10	47.50	0.00	0.00	0.00	0.00	0.00	0.00	0.00	0.00	0.00	
2018-02-27 00:00:00+01	0.88	4.50	0.10	3.33	6.80	0.70	5.94	11.10	1.40	173.35	359.00	0.00	60.00	115.00	13.00	125.83	240.00	45.00	-11.83	-10.10	-13.40	991.78	994.00	990.50	58.62	64.00	53.50	0.00	0.00	0.00	0.00	0.00	0.00	0.00	0.00	0.00	
2018-02-28 00:00:00+01	0.76	4.40	0.00	2.49	6.70	0.20	4.26	9.90	0.60	182.26	359.00	0.00	69.00	358.00	1.00	123.52	347.00	0.00	-10.92	-8.70	-12.80	995.01	997.30	992.10	61.36	67.80	49.50	0.00	0.00	0.00	0.00	0.00	0.00	0.00	0.00	0.00	
2018-03-01 00:00:00+01	0.53	3.00	0.00	1.71	4.90	0.20	3.04	8.30	0.40	177.22	359.00	0.00	135.30	359.00	0.00	180.70	359.00	2.00	-10.76	-7.30	-15.20	991.46	996.30	986.00	58.74	70.90	46.50	0.00	0.00	0.00	0.00	0.00	0.00	0.00	0.00	0.00	
2018-03-02 00:00:00+01	0.72	4.10	0.00	2.53	6.50	0.50	4.39	9.00	1.20	164.22	359.00	0.00	61.91	109.00	20.00	124.65	244.00	42.00	-10.03	-4.60	-15.40	978.78	985.50	974.50	56.13	67.70	44.50	0.00	0.00	0.00	0.00	0.00	0.00	0.00	0.00	0.00	
2018-03-03 00:00:00+01	0.45	2.60	0.00	1.26	3.90	0.20	2.12	5.20	0.40	209.00	359.00	0.00	128.57	359.00	0.00	125.30	359.00	0.00	-9.40	-4.60	-13.60	977.20	979.60	975.70	53.14	64.10	40.40	0.00	0.00	0.00	0.00	0.00	0.00	0.00	0.00	0.00	
2018-03-04 00:00:00+01	0.40	2.30	0.00	1.17	3.40	0.20	1.99	5.00	0.50	163.87	359.00	0.00	158.30	359.00	0.00	171.74	359.00	0.00	-7.01	0.00	-14.60	981.21	982.80	979.80	52.20	68.70	34.40	0.00	0.00	0.00	0.00	0.00	0.00	0.00	0.00	0.00	
2018-03-05 00:00:00+01	0.37	2.30	0.00	1.09	3.60	0.10	1.84	5.20	0.30	172.17	359.00	0.00	104.65	359.00	0.00	139.43	358.00	0.00	-0.77	6.20	-8.60	977.19	980.40	973.90	49.58	64.00	33.00	0.00	0.00	0.00	0.00	0.00	0.00	0.00	0.00	0.00	
2018-03-06 00:00:00+01	0.41	2.30	0.00	1.26	3.90	0.10	2.09	5.80	0.30	175.30	359.00	0.00	103.87	359.00	0.00	132.96	359.00	1.00	3.05	6.20	0.80	969.08	973.90	965.90	62.27	79.00	47.50	0.10	0.29	0.00	945.04	2650.00	0.00	0.01	1.40	0.00	
2018-03-07 00:00:00+01	0.64	5.10	0.00	1.88	8.10	0.10	3.01	11.70	0.20	190.78	358.00	0.00	213.00	359.00	0.00	222.17	359.00	0.00	4.36	9.40	-0.40	969.44	974.60	966.80	67.88	82.70	46.50	0.01	0.29	0.00	117.13	2650.00	0.00	0.00	0.00	0.00	
2018-03-08 00:00:00+01	0.65	4.90	0.00	1.94	8.50	0.10	3.20	11.80	0.20	201.39	359.00	0.00	236.74	359.00	0.00	232.91	359.00	0.00	5.38	10.20	-0.50	978.67	982.00	974.90	59.69	77.40	41.20	0.00	0.00	0.00	0.00	0.00	0.00	0.00	0.00	0.00	
2018-03-09 00:00:00+01	0.71	5.30	0.00	2.17	8.00	0.10	3.60	12.80	0.20	235.17	359.00	1.00	268.91	358.00	0.00	242.17	359.00	0.00	4.31	10.10	-1.10	982.06	984.00	979.80	56.87	73.50	34.30	0.52	0.81	0.00	1787.52	2800.00	0.00	0.03	2.50	0.00	
2018-03-10 00:00:00+01	0.29	2.40	0.00	0.80	3.40	0.10	1.33	4.50	0.20	202.17	359.00	0.00	198.70	359.00	0.00	193.17	359.00	0.00	6.68	14.30	-0.80	982.93	984.20	981.70	56.70	73.20	38.30	0.04	0.81	0.00	123.78	2800.00	0.00	0.00	0.00	0.00	
2018-03-11 00:00:00+01	0.34	2.60	0.00	0.97	3.90	0.10	1.64	6.10	0.30	191.87	359.00	0.00	162.22	359.00	0.00	177.00	359.00	0.00	10.02	17.60	2.70	979.09	981.90	976.00	55.20	74.20	36.30	0.00	0.00	0.00	0.00	0.00	0.00	0.00	0.00	0.00	
2018-03-12 00:00:00+01	0.89	5.30	0.00	2.54	10.00	0.20	4.19	14.80	0.40	145.83	359.00	0.00	170.96	345.00	1.00	209.87	358.00	0.00	12.30	17.80	8.10	970.97	975.50	968.80	52.35	68.90	34.20	0.02	0.02	0.00	293.39	350.00	0.00	0.00	0.20	0.00	
2018-03-13 00:00:00+01	0.75	4.60	0.00	2.35	7.40	0.20	3.88	11.30	0.40	204.83	317.00	41.00	257.35	342.00	3.00	252.30	359.00	0.00	10.77	13.40	8.20	975.35	978.80	971.70	54.96	66.10	42.80	0.02	0.02	0.00	228.00	350.00	0.00	0.00	0.20	0.00	
2018-03-14 00:00:00+01	0.58	3.80	0.00	1.60	5.60	0.10	2.54	7.90	0.30	211.30	345.00	1.00	257.43	359.00	0.00	233.96	359.00	0.00	5.98	8.30	4.10	981.52	984.30	978.60	71.98	78.20	60.20	0.31	0.98	0.00	1594.83	5860.00	0.00	0.04	4.50	0.00	
2018-03-15 00:00:00+01	0.49	3.00	0.00	1.65	4.60	0.10	2.88	6.70	0.30	172.26	359.00	0.00	103.70	359.00	0.00	140.09	359.00	0.00	4.75	6.70	3.30	983.25	984.20	981.80	68.20	79.10	55.10	0.04	0.98	0.00	259.04	5860.00	0.00	0.00	0.00	0.00	
2018-03-16 00:00:00+01	0.71	4.30	0.00	2.22	6.40	0.20	3.79	9.20	0.30	189.87	359.00	0.00	63.96	359.00	0.00	116.48	357.00	4.00	2.93	6.60	-2.50	976.99	981.40	972.90	79.14	81.70	73.80	1.33	3.53	0.00	9956.26	25760.00	0.00	0.14	1.90	0.00	
2018-03-17 00:00:00+01	1.00	4.20	0.00	3.78	8.70	0.90	6.90	15.20	2.00	184.70	359.00	0.00	59.22	357.00	0.00	123.00	235.00	26.00	-4.41	-2.50	-6.20	983.27	985.00	978.90	66.43	75.20	57.10	0.16	3.53	0.00	1138.65	25760.00	0.00	0.00	0.00	0.00	
2018-03-18 00:00:00+01	1.00	4.30	0.10	4.52	8.80	1.20	8.71	15.10	2.80	188.87	359.00	0.00	67.22	103.00	24.00	139.78	237.00	61.00	-6.72	-4.40	-8.80	986.03	987.20	984.40	55.49	70.10	46.00	0.00	0.00	0.00	0.43	10.00	0.00	0.00	0.00	0.00	
2018-03-19 00:00:00+01	0.67	3.50	0.00	2.75	7.50	0.30	5.05	11.20	0.70	163.78	359.00	0.00	70.26	357.00	6.00	137.13	251.00	37.00	-5.93	-4.70	-7.20	984.36	986.10	982.50	61.92	67.00	54.40	0.00	0.00	0.00	0.43	10.00	0.00	0.00	0.00	0.00	
2018-03-20 00:00:00+01	0.56	3.20	0.00	1.52	3.90	0.30	2.45	5.40	0.60	227.09	359.00	0.00	239.26	359.00	0.00	175.87	359.00	0.00	-4.03	-2.50	-5.50	983.99	989.70	981.10	63.53	73.10	54.60	0.00	0.00	0.00	0.00	0.00	0.00	0.00	0.00	0.00	
2018-03-21 00:00:00+01	0.79	4.10	0.00	2.21	7.00	0.10	3.64	10.70	0.30	245.61	359.00	1.00	238.30	359.00	0.00	163.87	359.00	0.00	-1.14	1.70	-3.90	994.52	997.20	990.10	47.62	66.40	33.00	0.00	0.00	0.00	6.61	20.00	0.00	0.00	0.00	0.00	
2018-03-22 00:00:00+01	0.59	5.20	0.00	1.68	7.10	0.10	2.77	10.10	0.20	199.39	346.00	1.00	249.39	357.00	6.00	234.39	359.00	0.00	0.68	6.50	-4.90	990.43	996.90	984.60	42.59	59.30	22.10	0.00	0.00	0.00	0.87	20.00	0.00	0.00	0.00	0.00	
2018-03-23 00:00:00+01	0.45	3.30	0.00	1.15	4.40	0.10	1.88	5.60	0.20	230.30	359.00	0.00	219.52	359.00	0.00	160.09	359.00	0.00	1.58	6.30	-4.50	979.78	983.70	977.80	53.08	70.70	37.60	0.00	0.00	0.00	0.00	0.00	0.00	0.00	0.00	0.00	
2018-03-24 00:00:00+01	0.43	3.10	0.00	1.47	5.10	0.10	2.56	7.50	0.30	161.35	359.00	0.00	112.09	359.00	0.00	164.78	359.00	0.00	3.03	7.70	-1.70	980.19	982.20	978.60	53.68	73.40	38.10	0.00	0.00	0.00	0.00	0.00	0.00	0.00	0.00	0.00	
2018-03-25 00:00:00+01	0.37	2.20	0.00	1.06	3.20	0.10	1.76	5.00	0.20	181.83	359.00	0.00	197.57	358.00	0.00	208.30	359.00	0.00	4.57	11.90	-1.80	983.73	985.00	982.20	52.21	73.40	32.70	0.00	0.00	0.00	0.00	0.00	0.00	0.00	0.00	0.00	
2018-03-26 01:00:00+02	0.43	3.10	0.00	1.19	4.60	0.10	1.94	6.40	0.40	192.13	357.00	1.00	234.13	359.00	3.00	220.87	359.00	0.00	4.14	7.70	0.10	985.00	985.60	984.40	54.20	65.50	40.40	0.00	0.00	0.00	0.00	0.00	0.00	0.00	0.00	0.00	
2018-03-27 01:00:00+02	0.60	2.80	0.00	1.59	5.00	0.10	2.51	9.30	0.30	216.87	359.00	0.00	234.22	359.00	0.00	190.13	359.00	0.00	3.10	5.30	1.40	985.99	987.30	984.80	67.11	78.00	57.00	0.20	0.38	0.00	2164.96	4070.00	0.00	0.01	0.70	0.00	
2018-03-28 01:00:00+02	0.41	3.00	0.00	1.53	4.70	0.10	2.73	8.40	0.20	181.78	359.00	0.00	123.87	359.00	0.00	160.70	359.00	0.00	4.23	8.50	-0.50	983.24	986.40	978.30	58.98	74.90	43.50	0.02	0.39	0.00	180.70	4140.00	0.00	0.00	0.00	0.00	
2018-03-29 01:00:00+02	0.43	3.80	0.00	1.35	8.40	0.10	2.27	10.70	0.30	195.86	359.00	0.00	198.45	358.00	0.00	197.73	359.00	0.00	7.26	10.70	4.30	978.71	983.50	975.40	65.56	78.40	54.70	0.98	1.23	0.00	6706.36	8240.00	0.00	0.05	2.00	0.00	
2018-03-30 01:00:00+02	0.38	3.40	0.00	1.24	5.20	0.10	2.13	7.10	0.20	175.68	359.00	0.00	169.64	357.00	0.00	192.32	359.00	0.00	9.38	14.60	3.60	982.82	985.20	978.80	52.04	75.80	28.10	0.12	1.23	0.00	883.95	8240.00	0.00	0.01	2.20	0.00	
2018-03-31 01:00:00+02	0.49	3.50	0.00	1.42	5.80	0.10	2.34	9.00	0.30	136.83	359.00	0.00	111.00	358.00	1.00	163.78	358.00	1.00	10.76	16.90	7.20	973.01	979.00	966.40	67.54	79.90	38.60	0.98	3.39	0.00	4140.70	12430.00	0.00	0.13	6.00	0.00	
2018-04-01 01:00:00+02	1.05	4.60	0.00	3.81	9.50	0.10	6.59	16.30	0.30	218.52	355.00	56.00	276.39	358.00	57.00	227.35	359.00	0.00	5.30	9.50	3.00	969.68	976.00	965.50	69.97	81.40	57.30	0.25	3.39	0.00	2019.17	12430.00	0.00	0.01	0.40	0.00	
2018-04-02 01:00:00+02	1.06	4.80	0.00	3.88	9.60	0.10	6.92	15.40	0.30	208.70	359.00	11.00	263.70	359.00	0.00	217.65	359.00	0.00	5.81	11.00	2.10	982.33	986.20	975.90	49.88	71.70	29.50	0.02	0.18	0.00	404.48	2750.00	0.00	0.00	0.10	0.00	
2018-04-03 01:00:00+02	0.52	5.00	0.00	1.53	7.30	0.10	2.49	9.80	0.30	216.91	359.00	0.00	212.78	359.00	0.00	183.96	359.00	0.00	11.58	20.90	1.30	983.80	985.80	982.30	42.68	66.90	23.20	0.00	0.02	0.00	15.91	360.00	0.00	0.00	0.00	0.00	
2018-04-04 01:00:00+02	0.40	2.30	0.00	0.98	3.60	0.10	1.55	5.30	0.20	213.65	359.00	0.00	211.30	359.00	0.00	196.96	359.00	0.00	13.64	20.90	5.40	981.98	984.20	980.20	46.33	68.50	29.30	0.02	0.04	0.00	30.83	70.00	0.00	0.00	2.00	0.00	
2018-04-05 01:00:00+02	0.79	3.80	0.00	2.35	6.70	0.10	3.83	11.60	0.20	212.09	359.00	1.00	242.70	359.00	1.00	229.39	359.00	0.00	13.15	18.10	5.50	982.51	987.10	979.50	49.67	72.70	30.20	0.00	0.04	0.00	12.70	300.00	0.00	0.00	0.20	0.00	
2018-04-06 01:00:00+02	0.74	4.30	0.00	2.40	8.20	0.20	4.02	11.40	0.40	238.65	357.00	1.00	263.70	359.00	0.00	188.13	359.00	0.00	9.08	12.50	3.90	994.53	999.00	987.00	50.37	71.00	33.80	0.08	0.09	0.00	895.13	1040.00	0.00	0.00	0.60	0.00	
2018-04-07 01:00:00+02	0.55	3.40	0.00	1.98	6.10	0.10	3.57	10.40	0.20	160.00	359.00	0.00	95.70	359.00	0.00	142.35	359.00	2.00	10.55	18.00	2.60	996.73	999.00	994.40	45.96	65.90	29.40	0.00	0.09	0.00	45.96	1040.00	0.00	0.00	0.00	0.00	
2018-04-08 01:00:00+02	0.68	4.20	0.00	2.13	7.10	0.10	3.71	10.60	0.30	152.78	359.00	0.00	143.65	359.00	0.00	169.17	359.00	0.00	16.03	24.00	6.40	989.96	994.40	985.90	48.12	75.60	25.50	0.00	0.00	0.00	0.00	0.00	0.00	0.00	0.00	0.00	
2018-04-09 01:00:00+02	0.70	4.60	0.00	2.00	7.40	0.10	3.32	11.40	0.40	156.26	359.00	0.00	167.87	359.00	0.00	205.57	359.00	0.00	19.76	26.90	11.90	983.09	986.00	980.60	35.36	56.40	19.90	0.00	0.00	0.00	0.00	0.00	0.00	0.00	0.00	0.00	
2018-04-10 01:00:00+02	0.49	4.10	0.00	1.36	6.40	0.10	2.18	10.20	0.20	187.00	359.00	0.00	218.70	359.00	0.00	211.52	359.00	0.00	15.90	21.20	9.00	982.80	983.60	982.10	46.44	69.70	30.30	0.03	0.07	0.00	116.91	270.00	0.00	0.00	1.20	0.00	
2018-04-11 01:00:00+02	0.39	2.60	0.00	1.12	4.10	0.10	1.87	6.40	0.30	191.43	359.00	0.00	190.13	359.00	0.00	160.74	359.00	0.00	15.93	21.50	9.50	983.91	984.50	983.10	45.49	68.70	28.00	0.00	0.07	0.00	11.96	270.00	0.00	0.00	0.00	0.00	
2018-04-12 01:00:00+02	0.54	3.20	0.00	1.83	5.90	0.10	3.21	9.40	0.30	163.13	359.00	0.00	136.09	359.00	0.00	167.43	359.00	0.00	17.63	26.60	7.10	983.61	985.30	981.50	44.01	73.60	21.90	0.00	0.00	0.00	0.00	0.00	0.00	0.00	0.00	0.00	
2018-04-13 01:00:00+02	0.52	3.60	0.00	1.63	7.50	0.10	2.72	13.80	0.40	161.70	359.00	0.00	139.09	359.00	2.00	167.61	359.00	0.00	16.75	23.00	12.20	984.94	990.50	982.80	56.45	74.20	32.70	0.59	1.55	0.00	1184.74	3210.00	0.00	0.07	8.60	0.00	
2018-04-14 01:00:00+02	0.52	4.60	0.00	1.66	7.30	0.10	2.81	10.50	0.30	231.91	359.00	0.00	246.35	359.00	0.00	191.26	359.00	0.00	16.24	23.10	7.70	993.64	995.40	990.50	45.97	79.30	22.20	0.07	1.55	0.00	144.09	3210.00	0.00	0.00	0.00	0.00	
2018-04-15 01:00:00+02	0.44	2.80	0.00	1.37	4.30	0.10	2.36	6.40	0.30	182.61	359.00	0.00	137.70	359.00	0.00	153.35	359.00	0.00	17.78	24.20	8.80	991.11	995.00	986.90	41.97	69.80	23.90	0.00	0.00	0.00	6.70	10.00	0.00	0.00	0.00	0.00	
2018-04-16 01:00:00+02	0.51	4.10	0.00	1.54	6.20	0.10	2.56	9.50	0.30	195.04	359.00	0.00	196.00	359.00	0.00	193.78	359.00	0.00	17.98	24.00	13.40	986.48	989.20	985.20	52.94	80.60	30.10	0.18	0.89	0.00	1272.70	4010.00	0.00	0.03	4.90	0.00	
2018-04-17 01:00:00+02	0.72	3.60	0.00	2.09	5.90	0.20	3.41	8.20	0.50	241.17	358.00	0.00	263.00	359.00	0.00	196.09	359.00	0.00	14.89	18.40	10.50	995.34	1001.70	989.10	64.12	81.00	42.30	0.04	0.89	0.00	177.26	4010.00	0.00	0.00	0.00	0.00	
2018-04-18 01:00:00+02	0.53	3.50	0.00	1.51	5.20	0.10	2.53	8.00	0.30	227.74	359.00	5.00	246.26	359.00	0.00	173.78	359.00	0.00	14.77	22.10	7.50	1003.57	1004.90	1001.80	50.33	81.80	19.90	0.00	0.00	0.00	0.00	0.00	0.00	0.00	0.00	0.00	
2018-04-19 01:00:00+02	0.81	4.40	0.00	2.22	7.30	0.20	3.63	11.00	0.40	248.74	359.00	32.00	259.83	359.00	0.00	150.83	359.00	0.00	16.26	23.90	7.50	1001.89	1004.60	999.40	48.74	72.50	28.70	0.00	0.00	0.00	0.00	0.00	0.00	0.00	0.00	0.00	
2018-04-20 01:00:00+02	0.33	3.30	0.00	1.00	4.10	0.10	1.72	5.60	0.20	197.22	359.00	0.00	184.26	359.00	0.00	172.43	359.00	0.00	15.80	22.80	8.40	999.46	1001.50	994.70	39.57	68.40	17.70	0.00	0.00	0.00	0.00	0.00	0.00	0.00	0.00	0.00	
2018-04-21 01:00:00+02	0.80	4.50	0.00	2.36	7.50	0.20	3.89	11.80	0.40	231.52	359.00	0.00	247.96	359.00	0.00	198.52	359.00	0.00	18.59	27.30	7.00	990.80	994.70	987.70	41.13	69.30	24.10	0.00	0.00	0.00	0.00	0.00	0.00	0.00	0.00	0.00	
2018-04-22 01:00:00+02	0.49	4.30	0.00	1.53	6.80	0.10	2.61	9.20	0.40	236.52	359.00	0.00	222.35	359.00	0.00	136.70	359.00	0.00	17.47	23.40	11.00	989.72	991.20	987.50	32.67	49.50	18.20	0.00	0.00	0.00	0.00	0.00	0.00	0.00	0.00	0.00	
2018-04-23 01:00:00+02	0.49	4.50	0.00	1.53	9.20	0.10	2.56	14.20	0.40	194.61	359.00	0.00	218.91	359.00	0.00	193.48	359.00	0.00	16.33	24.90	7.40	986.68	988.90	984.10	49.58	80.20	28.10	0.23	1.46	0.00	653.65	3950.00	0.00	0.06	5.30	0.00	
2018-04-24 01:00:00+02	0.64	4.50	0.00	1.92	6.90	0.10	3.13	10.40	0.40	210.30	358.00	10.00	261.78	355.00	4.00	240.91	359.00	0.00	16.86	20.90	13.10	987.99	990.00	986.40	58.76	81.50	36.40	0.06	1.46	0.00	174.61	3950.00	0.00	0.00	0.00	0.00	
2018-04-25 01:00:00+02	0.89	6.40	0.00	2.83	10.10	0.10	4.77	15.60	0.40	205.65	353.00	2.00	258.26	359.00	1.00	225.78	359.00	0.00	18.65	25.00	10.60	983.73	987.50	979.70	47.39	77.40	25.20	0.04	0.38	0.00	82.43	780.00	0.00	0.02	4.90	0.00	
2018-04-26 01:00:00+02	0.63	5.30	0.00	1.86	8.40	0.10	3.04	11.40	0.30	210.26	359.00	8.00	258.96	357.00	0.00	227.30	359.00	0.00	13.49	17.50	7.20	986.66	990.90	984.60	58.01	76.80	35.50	0.30	1.01	0.00	1026.26	2560.00	0.00	0.04	14.50	0.00	
2018-04-27 01:00:00+02	0.48	2.90	0.00	1.49	5.50	0.10	2.53	7.50	0.30	173.09	359.00	0.00	201.52	359.00	0.00	196.96	359.00	0.00	11.86	18.50	4.70	990.93	993.00	988.50	49.83	81.20	25.30	0.04	1.01	0.00	113.17	2560.00	0.00	0.00	0.00	0.00	
2018-04-28 01:00:00+02	0.39	3.30	0.00	1.16	5.20	0.10	1.94	6.80	0.20	211.96	359.00	0.00	223.30	359.00	0.00	191.17	359.00	0.00	17.86	27.40	6.80	987.48	988.60	986.20	44.22	68.70	23.80	0.00	0.00	0.00	0.00	0.00	0.00	0.00	0.00	0.00	
2018-04-29 01:00:00+02	0.41	3.70	0.00	1.29	5.40	0.10	2.21	8.60	0.30	168.74	359.00	0.00	160.65	359.00	0.00	165.96	359.00	0.00	21.23	28.90	13.00	984.90	987.50	982.60	47.44	69.70	23.30	0.02	0.06	0.00	157.39	380.00	0.00	0.00	1.60	0.00	
2018-04-30 01:00:00+02	0.71	5.30	0.00	1.98	8.80	0.10	3.28	12.50	0.30	180.00	359.00	0.00	192.87	359.00	1.00	204.70	359.00	0.00	21.89	27.50	14.70	980.53	983.00	978.50	44.63	73.90	26.50	0.01	0.06	0.00	23.83	380.00	0.00	0.00	0.80	0.00	
2018-05-01 01:00:00+02	0.52	4.10	0.00	1.65	7.00	0.10	2.79	11.00	0.20	209.17	359.00	6.00	236.13	359.00	0.00	205.26	359.00	0.00	20.88	26.30	14.40	983.00	987.30	981.40	40.84	69.30	17.80	0.01	0.01	0.00	31.70	50.00	0.00	0.00	0.10	0.00	
2018-05-02 01:00:00+02	0.56	3.50	0.00	1.75	5.20	0.10	2.97	8.60	0.40	144.70	359.00	0.00	113.26	359.00	0.00	140.61	359.00	0.00	19.21	25.30	13.30	987.21	989.60	984.60	52.87	72.50	35.10	0.00	0.01	0.00	33.52	50.00	0.00	0.00	0.00	0.00	
2018-05-03 01:00:00+02	0.54	4.60	0.00	1.64	7.90	0.10	2.73	11.80	0.30	172.52	359.00	0.00	168.61	359.00	0.00	173.57	359.00	0.00	22.31	29.40	14.00	983.74	987.00	982.00	45.64	72.90	23.40	0.00	0.00	0.00	2.22	50.00	0.00	0.00	0.00	0.00	
2018-05-04 01:00:00+02	0.78	3.80	0.00	2.15	5.60	0.20	3.53	8.20	0.50	261.83	359.00	0.00	214.52	359.00	0.00	127.30	359.00	0.00	18.52	24.10	14.70	990.66	994.70	986.90	56.17	76.70	38.10	0.00	0.00	0.00	0.00	0.00	0.00	0.00	0.00	0.00	
2018-05-05 01:00:00+02	0.84	3.80	0.00	2.22	6.30	0.20	3.63	8.50	0.60	261.96	359.00	0.00	102.22	359.00	0.00	73.91	359.00	0.00	16.29	21.40	12.00	995.70	996.90	994.50	43.25	67.60	26.40	0.00	0.00	0.00	0.00	0.00	0.00	0.00	0.00	0.00	
2018-05-06 01:00:00+02	0.79	4.30	0.00	2.36	6.70	0.10	3.96	11.90	0.40	179.78	359.00	0.00	59.87	359.00	1.00	109.65	356.00	1.00	15.57	20.80	10.00	996.42	997.40	995.00	38.19	54.30	25.10	0.00	0.00	0.00	0.00	0.00	0.00	0.00	0.00	0.00	
2018-05-07 01:00:00+02	0.65	4.40	0.00	1.94	6.60	0.10	3.29	9.90	0.40	191.70	359.00	0.00	128.35	359.00	0.00	143.00	359.00	0.00	16.35	22.20	7.80	993.64	996.00	990.50	41.43	73.10	22.00	0.00	0.00	0.00	0.00	0.00	0.00	0.00	0.00	0.00	
2018-05-08 01:00:00+02	0.55	3.70	0.00	1.69	5.50	0.10	2.82	8.80	0.40	171.82	359.00	0.00	149.05	359.00	0.00	148.32	359.00	0.00	16.64	20.60	12.40	987.71	990.50	984.70	54.37	80.80	42.20	0.73	7.84	0.00	1361.14	6520.00	0.00	0.35	35.10	0.00	
2018-05-09 01:00:00+02	0.52	4.00	0.00	1.67	7.40	0.10	2.85	13.20	0.30	172.11	359.00	0.00	134.89	359.00	0.00	140.00	359.00	0.00	19.45	25.80	13.80	983.30	984.30	981.40	61.84	83.90	35.20	2.25	9.64	0.00	611.83	2760.00	0.00	0.53	78.80	0.00	
2018-05-10 01:00:00+02	0.76	4.70	0.00	2.47	7.90	0.10	4.30	12.40	0.30	114.83	359.00	0.00	102.48	358.00	1.00	155.70	358.00	3.00	20.66	26.30	14.30	984.79	988.30	982.80	50.08	82.60	23.90	0.43	9.64	0.00	122.00	2760.00	0.00	0.00	0.00	0.00	
2018-05-11 01:00:00+02	0.43	3.20	0.00	1.28	5.70	0.10	2.13	9.30	0.40	201.96	359.00	0.00	228.00	359.00	0.00	195.91	359.00	0.00	19.24	27.50	12.80	990.34	991.80	988.20	55.43	77.10	27.30	0.00	0.00	0.00	5.65	20.00	0.00	0.00	0.00	0.00	
2018-05-12 01:00:00+02	0.60	3.20	0.00	1.83	5.70	0.10	3.05	8.70	0.30	148.00	359.00	0.00	125.09	359.00	0.00	166.74	359.00	1.00	19.10	24.00	13.30	990.42	991.60	988.90	48.31	81.40	19.40	0.00	0.00	0.00	0.87	20.00	0.00	0.00	0.00	0.00	
2018-05-13 01:00:00+02	0.73	5.70	0.00	2.44	7.80	0.20	4.24	11.70	0.40	147.39	359.00	0.00	78.00	357.00	0.00	134.04	349.00	15.00	18.80	24.50	11.80	987.69	989.80	985.10	37.54	56.00	22.80	0.00	0.01	0.00	28.48	210.00	0.00	0.00	0.50	0.00	
2018-05-14 01:00:00+02	0.78	4.10	0.00	2.52	7.60	0.30	4.30	11.00	0.80	108.57	359.00	0.00	79.39	343.00	11.00	134.43	311.00	36.00	14.75	18.20	11.10	988.04	989.30	987.00	48.62	64.50	37.30	0.00	0.01	0.00	9.30	210.00	0.00	0.00	0.00	0.00	
2018-05-15 01:00:00+02	0.63	3.10	0.00	1.91	5.40	0.10	3.20	9.50	0.30	147.70	359.00	0.00	87.17	359.00	0.00	125.61	359.00	1.00	13.32	16.50	9.20	985.35	987.10	983.60	65.47	80.60	47.90	0.21	0.52	0.00	1447.52	3520.00	0.00	0.02	1.20	0.00	
2018-05-16 01:00:00+02	0.38	2.20	0.00	1.06	2.90	0.10	1.72	4.40	0.30	211.09	359.00	0.00	232.65	359.00	0.00	187.30	359.00	0.00	13.21	15.80	9.70	982.75	984.00	981.70	74.86	83.00	62.70	0.11	0.52	0.00	1265.22	3520.00	0.00	0.01	0.80	0.00	
2018-05-17 01:00:00+02	1.13	6.00	0.10	3.26	7.60	0.90	5.24	10.10	1.80	197.87	271.00	73.00	250.09	318.00	210.00	257.70	359.00	0.00	13.28	14.10	12.50	981.41	982.50	980.40	78.38	83.30	70.30	2.70	10.44	0.00	8895.52	25180.00	10.00	0.33	15.00	0.00	
2018-05-18 01:00:00+02	0.77	3.70	0.00	2.65	7.00	0.50	4.52	11.10	1.30	211.91	283.00	83.00	269.13	316.00	222.00	257.22	359.00	0.00	13.51	14.10	12.90	986.60	989.80	982.40	76.80	83.20	69.80	1.19	10.56	0.00	2816.87	25960.00	0.00	0.04	7.20	0.00	
2018-05-19 01:00:00+02	0.73	4.80	0.00	2.24	6.80	0.10	3.68	10.90	0.40	243.74	359.00	0.00	254.52	359.00	0.00	190.00	359.00	0.00	15.70	20.70	11.80	991.71	994.60	989.50	58.47	78.30	27.90	0.04	0.93	0.00	96.35	2180.00	0.00	0.00	0.00	0.00	
2018-05-20 01:00:00+02	0.60	4.70	0.00	1.74	6.60	0.10	2.90	9.90	0.30	164.87	359.00	0.00	116.26	359.00	0.00	153.04	359.00	0.00	15.90	20.80	9.70	996.09	997.30	994.50	50.30	78.50	25.50	0.00	0.00	0.00	0.00	0.00	0.00	0.00	0.00	0.00	
2018-05-21 01:00:00+02	0.72	4.10	0.00	2.42	8.80	0.20	4.22	12.10	0.40	154.57	359.00	0.00	118.04	359.00	0.00	130.74	359.00	0.00	15.92	20.60	8.90	994.10	996.80	990.30	45.66	73.50	28.60	0.00	0.00	0.00	0.00	0.00	0.00	0.00	0.00	0.00	
2018-05-22 01:00:00+02	0.41	3.20	0.00	1.26	4.00	0.10	2.12	5.40	0.30	165.22	359.00	0.00	153.04	359.00	0.00	174.17	359.00	0.00	19.05	26.10	11.10	989.49	990.80	988.70	46.17	69.50	29.10	0.06	0.07	0.00	246.00	330.00	0.00	0.00	1.30	0.00	
2018-05-23 01:00:00+02	0.56	3.40	0.00	1.65	6.50	0.10	2.72	10.10	0.40	175.13	359.00	0.00	141.43	359.00	0.00	159.70	359.00	0.00	19.03	24.80	13.60	993.04	995.00	990.80	59.59	76.80	37.80	0.03	0.07	0.00	304.09	410.00	0.00	0.00	0.80	0.00	
2018-05-24 01:00:00+02	0.84	3.80	0.00	2.51	6.60	0.20	4.18	9.70	0.40	153.57	359.00	0.00	60.43	357.00	1.00	110.91	356.00	15.00	19.82	24.30	15.40	994.57	995.90	992.60	46.73	72.10	30.60	0.00	0.04	0.00	18.13	410.00	0.00	0.00	0.00	0.00	
2018-05-25 01:00:00+02	0.66	3.90	0.00	2.00	6.40	0.10	3.35	9.70	0.30	151.65	359.00	0.00	81.30	359.00	0.00	120.78	340.00	0.00	19.80	24.90	13.60	992.56	994.00	991.10	47.24	66.50	30.30	0.00	0.00	0.00	0.00	0.00	0.00	0.00	0.00	0.00	
2018-05-26 01:00:00+02	0.40	2.90	0.00	1.21	4.50	0.10	2.05	7.70	0.30	169.78	359.00	0.00	189.43	359.00	0.00	185.22	359.00	0.00	20.45	27.10	13.60	994.68	995.60	993.60	54.64	77.20	30.50	0.00	0.00	0.00	0.00	0.00	0.00	0.00	0.00	0.00	
2018-05-27 01:00:00+02	0.49	3.50	0.00	1.54	5.60	0.10	2.63	8.50	0.30	166.52	359.00	0.00	126.87	359.00	0.00	141.91	359.00	0.00	22.21	27.70	15.40	994.71	995.60	993.40	54.71	80.10	33.60	0.00	0.00	0.00	0.00	0.00	0.00	0.00	0.00	0.00	
2018-05-28 01:00:00+02	0.73	4.70	0.00	2.41	6.80	0.20	4.19	10.30	0.50	112.83	359.00	0.00	86.78	352.00	0.00	145.17	331.00	32.00	22.68	27.80	17.10	995.48	996.60	994.40	43.61	65.40	26.20	0.00	0.00	0.00	0.00	0.00	0.00	0.00	0.00	0.00	
2018-05-29 01:00:00+02	0.55	3.20	0.00	1.69	5.80	0.10	2.84	9.70	0.30	153.91	359.00	0.00	139.00	358.00	0.00	171.78	359.00	0.00	22.03	29.70	15.00	993.06	995.20	991.00	42.78	61.10	23.30	0.00	0.00	0.00	0.00	0.00	0.00	0.00	0.00	0.00	
2018-05-30 01:00:00+02	0.47	3.40	0.00	1.29	6.40	0.10	2.12	8.40	0.30	217.78	359.00	0.00	198.22	359.00	0.00	155.22	359.00	0.00	22.42	28.40	15.30	991.57	992.80	990.40	49.62	72.10	29.50	0.00	0.00	0.00	0.00	0.00	0.00	0.00	0.00	0.00	
2018-05-31 01:00:00+02	0.39	3.70	0.00	1.11	5.90	0.10	1.83	7.70	0.20	182.74	359.00	0.00	184.39	359.00	0.00	183.39	359.00	0.00	23.54	30.00	16.90	990.40	991.40	989.20	48.89	75.10	25.30	0.00	0.00	0.00	0.00	0.00	0.00	0.00	0.00	0.00	
2018-06-01 01:00:00+02	0.52	3.90	0.00	1.52	6.30	0.10	2.56	11.00	0.30	176.43	359.00	0.00	185.91	359.00	0.00	175.43	359.00	0.00	23.38	30.80	15.80	989.90	991.20	988.20	47.38	75.60	20.10	2.06	12.79	0.00	287.87	1810.00	0.00	0.57	80.50	0.00	
2018-06-02 01:00:00+02	0.66	5.40	0.00	1.96	7.50	0.10	3.19	11.80	0.20	203.35	353.00	1.00	247.48	356.00	0.00	232.48	359.00	0.00	20.37	25.50	17.10	988.27	989.30	987.10	67.38	79.30	46.40	1.72	12.79	0.00	1412.96	3910.00	0.00	0.12	47.50	0.00	
2018-06-03 01:00:00+02	0.68	3.10	0.00	2.01	4.90	0.10	3.25	7.70	0.30	210.61	317.00	26.00	264.65	350.00	8.00	238.22	359.00	0.00	20.18	25.00	17.50	988.81	990.30	987.80	67.72	82.00	46.70	0.53	2.90	0.00	2327.87	3910.00	0.00	0.02	2.80	0.00	
2018-06-04 01:00:00+02	0.57	3.00	0.00	1.54	4.90	0.20	2.47	7.30	0.40	214.35	356.00	13.00	254.09	359.00	0.00	220.39	359.00	0.00	21.42	26.60	16.10	984.79	987.80	981.70	60.53	82.70	36.60	0.03	0.51	0.00	211.00	2700.00	0.00	0.00	0.10	0.00	
2018-06-05 01:00:00+02	0.60	3.90	0.00	1.63	6.40	0.10	2.63	9.90	0.30	234.09	359.00	0.00	233.35	359.00	0.00	163.52	359.00	0.00	21.35	25.90	15.90	982.81	986.90	981.80	59.25	82.00	38.90	0.00	0.01	0.00	32.43	280.00	0.00	0.00	0.10	0.00	
2018-06-06 01:00:00+02	0.89	4.60	0.00	2.88	7.10	0.50	4.96	9.80	1.20	134.35	359.00	0.00	68.43	355.00	4.00	125.22	252.00	36.00	17.06	21.30	13.20	991.28	993.30	986.90	41.97	67.80	25.40	0.00	0.00	0.00	2.22	50.00	0.00	0.00	0.00	0.00	
2018-06-07 01:00:00+02	0.72	3.40	0.00	2.32	6.10	0.10	3.98	10.60	0.30	140.74	359.00	0.00	69.30	344.00	0.00	124.65	345.00	14.00	18.60	25.10	10.60	992.25	993.70	990.40	37.30	52.10	25.00	0.00	0.00	0.00	0.00	0.00	0.00	0.00	0.00	0.00	
2018-06-08 01:00:00+02	0.44	3.50	0.00	1.33	4.90	0.10	2.22	7.10	0.30	200.65	359.00	0.00	136.61	359.00	0.00	137.70	359.00	0.00	22.43	29.10	14.50	988.60	990.50	986.60	44.98	69.30	28.60	0.00	0.00	0.00	0.00	0.00	0.00	0.00	0.00	0.00	
2018-06-09 01:00:00+02	0.55	3.50	0.00	1.75	5.40	0.10	2.97	8.60	0.30	177.96	359.00	0.00	174.61	359.00	1.00	172.39	359.00	0.00	23.93	30.40	18.90	986.16	987.30	984.60	53.40	73.10	28.50	0.00	0.00	0.00	0.00	0.00	0.00	0.00	0.00	0.00	
2018-06-10 01:00:00+02	0.48	3.50	0.00	1.40	6.80	0.10	2.34	11.70	0.20	187.48	359.00	0.00	170.09	359.00	0.00	168.48	359.00	0.00	23.49	30.30	18.30	984.42	985.80	982.30	55.04	80.50	26.80	0.74	6.77	0.00	723.39	7100.00	0.00	0.28	16.10	0.00	
2018-06-11 01:00:00+02	0.65	4.30	0.00	2.07	6.90	0.10	3.49	10.00	0.20	219.00	359.00	0.00	249.65	359.00	0.00	192.65	359.00	0.00	22.56	27.10	17.90	982.80	983.80	981.80	60.56	81.80	41.30	0.30	6.77	0.00	313.83	7100.00	0.00	0.00	0.00	0.00	
2018-06-12 01:00:00+02	0.47	3.80	0.00	1.38	6.90	0.10	2.29	12.30	0.30	222.52	359.00	0.00	214.00	359.00	0.00	137.57	359.00	0.00	19.44	21.80	15.70	980.65	982.30	978.80	69.01	83.00	47.10	5.33	7.67	0.00	4713.22	6900.00	0.00	0.33	15.70	0.00	
2018-06-13 01:00:00+02	0.71	3.60	0.00	1.93	5.50	0.10	3.14	8.20	0.20	207.48	359.00	0.00	106.13	359.00	0.00	97.65	359.00	0.00	17.07	19.20	14.20	981.81	984.10	980.40	68.06	81.70	59.60	0.74	7.67	0.00	2853.30	6900.00	0.00	0.03	2.40	0.00	
2018-06-14 01:00:00+02	0.76	3.50	0.00	2.00	5.10	0.20	3.25	7.60	0.50	277.35	359.00	0.00	170.04	359.00	0.00	81.96	359.00	0.00	18.08	21.10	15.70	985.54	987.20	983.70	59.74	70.20	45.20	0.04	0.69	0.00	198.17	4310.00	0.00	0.00	0.40	0.00	
2018-06-15 01:00:00+02	0.71	4.10	0.00	1.86	7.70	0.20	2.99	10.30	0.40	256.04	359.00	0.00	173.83	359.00	0.00	109.61	359.00	0.00	19.73	23.80	15.20	987.69	988.60	986.90	52.08	68.80	38.60	0.00	0.01	0.00	0.43	10.00	0.00	0.00	0.00	0.00	
2018-06-16 01:00:00+02	0.55	3.30	0.00	1.57	5.40	0.10	2.60	7.80	0.30	202.87	359.00	0.00	134.91	359.00	0.00	135.00	359.00	0.00	21.73	26.50	15.70	988.55	989.60	987.60	47.73	69.80	30.40	0.00	0.00	0.00	0.00	0.00	0.00	0.00	0.00	0.00	
2018-06-17 01:00:00+02	0.51	4.10	0.00	1.58	5.40	0.10	2.68	8.40	0.30	188.48	359.00	0.00	151.57	359.00	0.00	127.39	358.00	0.00	21.97	26.10	16.80	988.59	989.40	987.70	48.57	68.70	30.90	0.00	0.00	0.00	0.00	0.00	0.00	0.00	0.00	0.00	
2018-06-18 01:00:00+02	0.44	2.60	0.00	1.32	4.30	0.10	2.20	6.60	0.20	203.30	359.00	0.00	225.78	359.00	0.00	183.61	359.00	0.00	20.57	26.50	17.70	990.71	992.40	988.90	62.24	79.00	37.20	1.01	4.32	0.00	991.96	2470.00	0.00	0.19	32.40	0.00	
2018-06-19 01:00:00+02	0.54	4.00	0.00	1.53	5.70	0.20	2.51	8.30	0.40	221.04	357.00	2.00	266.48	359.00	1.00	201.00	359.00	0.00	22.47	27.00	17.60	994.00	996.00	992.30	48.88	75.70	32.60	0.19	4.32	0.00	117.00	2470.00	0.00	0.00	0.00	0.00	
2018-06-20 01:00:00+02	0.35	2.70	0.00	1.02	3.60	0.10	1.71	4.60	0.20	181.52	359.00	0.00	217.83	359.00	0.00	205.13	359.00	1.00	23.09	29.10	16.30	995.21	997.20	991.80	48.07	70.10	30.20	0.00	0.00	0.00	0.43	10.00	0.00	0.00	0.00	0.00	
2018-06-21 01:00:00+02	0.87	5.80	0.00	2.66	9.60	0.10	4.42	21.00	0.30	200.87	326.00	34.00	256.57	357.00	0.00	224.09	359.00	0.00	24.49	31.80	12.90	986.32	991.80	980.60	50.39	78.80	28.30	0.77	15.66	0.00	594.00	11680.00	0.00	0.50	21.70	0.00	
2018-06-22 01:00:00+02	0.70	3.80	0.00	2.31	6.00	0.20	3.86	20.30	0.60	221.70	355.00	1.00	278.00	355.00	87.00	229.65	359.00	0.00	14.07	17.10	11.70	990.13	991.20	988.50	54.30	79.60	35.60	0.79	18.30	0.00	583.91	13540.00	0.00	0.11	11.60	0.00	
2018-06-23 01:00:00+02	0.70	4.20	0.00	2.21	5.80	0.30	3.68	9.60	0.60	214.17	334.00	18.00	269.96	358.00	2.00	236.52	359.00	0.00	12.06	14.90	10.20	990.75	991.80	989.80	65.19	78.40	46.20	0.48	1.09	0.00	2234.13	4520.00	0.00	0.04	5.90	0.00	
2018-06-24 01:00:00+02	0.78	3.80	0.00	2.42	7.50	0.40	3.97	11.10	0.80	210.00	325.00	78.00	263.26	352.00	6.00	248.04	359.00	0.00	13.48	17.40	11.60	989.76	990.50	988.80	69.07	79.30	47.30	0.80	1.92	0.00	1734.43	4520.00	0.00	0.08	14.50	0.00	
2018-06-25 01:00:00+02	0.54	3.00	0.00	1.60	4.70	0.10	2.65	7.70	0.40	217.43	359.00	2.00	262.22	359.00	0.00	206.74	359.00	0.00	15.71	20.10	11.90	992.15	993.80	990.40	59.11	81.80	35.10	0.25	1.92	0.00	1038.48	4330.00	0.00	0.01	1.80	0.00	
2018-06-26 01:00:00+02	0.43	3.60	0.00	1.32	5.60	0.10	2.23	9.90	0.40	205.00	359.00	1.00	236.57	359.00	0.00	198.70	359.00	0.00	15.42	19.80	12.70	993.50	994.40	992.70	62.22	78.70	37.20	0.22	0.22	0.01	1407.26	1450.00	20.00	0.01	1.50	0.00	
2018-06-27 01:00:00+02	0.73	3.60	0.00	1.99	6.30	0.10	3.27	9.60	0.30	228.48	359.00	0.00	122.04	359.00	0.00	100.43	359.00	0.00	16.44	19.90	11.10	993.22	994.90	990.10	67.14	78.40	56.00	0.10	2.22	0.00	765.35	8390.00	0.00	0.05	3.70	0.00	
2018-06-28 01:00:00+02	0.78	3.80	0.00	2.23	6.50	0.10	3.74	11.20	0.30	212.96	359.00	0.00	107.52	359.00	0.00	109.57	359.00	0.00	17.87	19.70	15.80	986.59	990.20	984.50	80.77	84.70	72.80	3.32	5.53	0.00	10284.09	13440.00	30.00	0.33	23.10	0.00	
2018-06-29 01:00:00+02	0.72	3.50	0.00	1.94	5.70	0.10	3.20	8.50	0.30	256.04	359.00	0.00	157.57	359.00	0.00	84.39	359.00	0.00	22.03	28.00	17.80	983.13	984.60	981.10	57.57	79.20	38.30	0.28	5.53	0.00	866.09	13440.00	0.00	0.00	1.40	0.00	
2018-06-30 01:00:00+02	0.94	4.50	0.00	2.67	6.70	0.30	4.44	9.70	0.60	273.26	354.00	100.00	296.09	359.00	0.00	102.13	359.00	0.00	14.49	18.60	11.50	986.60	988.80	983.10	55.32	68.50	44.20	0.01	0.08	0.00	94.78	620.00	0.00	0.00	0.30	0.00	
2018-07-01 01:00:00+02	0.71	4.30	0.00	2.16	6.40	0.30	3.54	10.80	0.80	227.17	352.00	77.00	276.70	359.00	0.00	206.09	359.00	0.00	13.39	16.00	9.70	989.71	990.70	988.60	54.84	74.00	41.60	0.81	1.59	0.00	899.74	1710.00	0.00	0.07	22.30	0.00	
2018-07-02 01:00:00+02	0.82	4.60	0.00	2.64	7.50	0.20	4.40	11.20	0.50	230.96	359.00	8.00	262.09	359.00	0.00	224.65	359.00	0.00	15.31	19.90	11.00	989.73	990.20	989.40	49.76	73.80	31.70	0.07	1.59	0.00	75.61	1710.00	0.00	0.00	0.00	0.00	
2018-07-03 01:00:00+02	0.73	4.90	0.00	2.13	7.60	0.10	3.49	11.10	0.30	196.65	353.00	12.00	250.91	350.00	5.00	236.70	359.00	0.00	17.42	23.80	10.10	989.48	990.10	988.80	49.54	76.10	30.20	0.00	0.00	0.00	0.00	0.00	0.00	0.00	0.00	0.00	
2018-07-04 01:00:00+02	0.60	4.40	0.00	1.78	6.40	0.10	2.93	9.60	0.20	209.87	330.00	25.00	265.78	359.00	8.00	228.00	359.00	0.00	20.79	28.20	10.90	988.19	989.40	986.90	43.94	76.00	21.40	0.00	0.00	0.00	0.00	0.00	0.00	0.00	0.00	0.00	
2018-07-05 01:00:00+02	0.57	4.30	0.00	1.48	6.10	0.10	2.35	9.60	0.30	198.30	324.00	19.00	249.35	356.00	130.00	236.87	359.00	0.00	23.09	30.60	13.10	984.87	987.20	982.30	42.34	73.50	19.00	0.00	0.00	0.00	0.00	0.00	0.00	0.00	0.00	0.00	
2018-07-06 01:00:00+02	0.56	3.50	0.00	1.60	5.00	0.10	2.56	7.60	0.30	205.17	352.00	5.00	254.78	359.00	0.00	232.43	359.00	0.00	20.49	25.70	17.00	985.78	988.90	983.50	59.94	80.20	36.80	1.10	4.12	0.00	1878.70	6770.00	0.00	0.18	7.60	0.00	
2018-07-07 01:00:00+02	0.66	3.40	0.00	1.92	5.60	0.10	3.15	13.20	0.30	223.35	340.00	0.00	273.09	358.00	0.00	226.83	359.00	0.00	20.61	26.20	15.50	989.75	990.60	988.70	50.99	80.10	31.80	0.23	4.12	0.00	335.48	6770.00	0.00	0.00	1.60	0.00	
2018-07-08 01:00:00+02	0.63	3.90	0.00	1.83	6.20	0.10	3.01	8.60	0.30	218.22	359.00	0.00	221.00	359.00	0.00	179.48	359.00	0.00	20.58	26.90	14.60	990.20	990.80	989.30	45.21	63.70	25.70	0.03	0.06	0.00	8.09	50.00	0.00	0.00	2.30	0.00	
2018-07-09 01:00:00+02	0.41	3.20	0.00	1.18	4.60	0.10	1.94	8.60	0.30	193.52	359.00	0.00	234.83	359.00	0.00	210.78	359.00	0.00	21.61	27.00	16.50	989.33	990.90	987.50	52.80	76.50	29.30	0.38	0.51	0.00	722.70	1110.00	0.00	0.02	7.50	0.00	
2018-07-10 01:00:00+02	0.43	3.70	0.00	1.37	7.00	0.10	2.32	11.50	0.30	194.65	358.00	0.00	231.80	358.00	0.00	205.80	359.00	0.00	20.16	29.40	15.10	987.60	988.50	985.70	60.96	79.40	24.00	0.36	1.47	0.00	857.30	3550.00	0.00	0.07	8.40	0.00	
2018-07-11 01:00:00+02	0.47	4.10	0.00	1.30	5.90	0.10	2.08	8.60	0.30	200.13	358.00	0.00	242.57	359.00	0.00	210.13	359.00	0.00	18.85	23.20	17.10	987.33	987.80	986.90	74.76	83.90	49.20	0.76	6.06	0.00	3116.43	13330.00	0.00	0.20	22.00	0.00	
2018-07-12 01:00:00+02	0.89	6.10	0.00	2.50	8.00	0.10	4.04	11.90	0.30	197.35	357.00	1.00	251.39	346.00	17.00	243.83	359.00	0.00	18.64	23.80	14.90	987.64	988.30	986.90	60.62	84.00	33.80	0.34	6.06	0.00	903.74	13330.00	0.00	0.08	5.60	0.00	
2018-07-13 01:00:00+02	0.87	5.00	0.00	2.69	8.20	0.40	4.41	11.70	0.90	207.13	291.00	69.00	262.96	341.00	204.00	255.22	359.00	0.00	18.26	23.60	15.20	988.14	989.40	987.00	66.63	84.00	38.40	2.63	6.63	0.00	3789.74	5810.00	0.00	0.29	30.70	0.00	
2018-07-14 01:00:00+02	0.74	3.80	0.00	2.54	7.80	0.50	4.38	13.00	1.20	219.30	357.00	0.00	271.43	359.00	1.00	221.48	359.00	0.00	19.47	25.60	16.30	988.41	989.30	987.00	62.84	77.00	39.90	0.50	6.63	0.00	1138.43	5810.00	0.00	0.02	8.00	0.00	
2018-07-15 01:00:00+02	0.75	4.30	0.00	2.40	7.50	0.10	4.03	12.10	0.40	229.30	358.00	0.00	265.43	359.00	0.00	204.30	359.00	0.00	20.78	25.70	17.40	987.66	988.70	986.10	57.08	73.10	34.80	0.48	1.43	0.00	413.48	1880.00	0.00	0.05	25.70	0.00	
2018-07-16 01:00:00+02	0.62	3.50	0.00	1.73	6.10	0.10	2.76	10.10	0.30	211.70	357.00	1.00	253.43	356.00	0.00	227.70	359.00	0.00	19.71	25.40	16.70	984.76	987.30	982.10	66.67	81.50	42.20	6.08	14.49	0.00	1551.96	4330.00	0.00	0.63	70.50	0.00	
2018-07-17 01:00:00+02	0.85	4.00	0.00	2.61	6.60	0.40	4.31	11.60	1.10	209.00	272.00	98.00	264.96	326.00	224.00	258.09	359.00	0.00	18.13	18.80	17.50	980.25	982.20	978.90	81.76	84.50	79.40	6.65	14.49	0.00	11955.43	23570.00	0.00	0.52	15.70	0.00	
2018-07-18 01:00:00+02	0.68	3.30	0.00	2.19	5.30	0.50	3.67	9.80	1.00	228.52	328.00	95.00	288.09	351.00	230.00	220.70	359.00	0.00	19.63	22.20	18.20	979.96	983.20	978.40	81.10	84.90	71.80	5.15	23.52	0.00	5593.91	24020.00	0.00	1.04	53.00	0.00	
2018-07-19 01:00:00+02	0.68	3.00	0.00	2.23	5.80	0.50	3.70	8.90	1.30	222.09	304.00	77.00	280.04	334.00	217.00	246.00	359.00	0.00	19.11	20.30	18.50	985.08	986.80	983.20	78.88	83.40	72.80	1.15	23.52	0.00	1233.74	17360.00	0.00	0.00	1.80	0.00	
2018-07-20 01:00:00+02	0.64	4.00	0.00	1.93	6.10	0.10	3.14	8.70	0.20	207.65	282.00	43.00	262.87	344.00	210.00	239.74	359.00	0.00	20.88	26.30	17.50	986.23	987.20	985.60	70.96	84.20	43.30	0.40	0.46	0.00	1967.74	2240.00	0.00	0.02	3.10	0.00	
2018-07-21 01:00:00+02	0.44	3.60	0.00	1.22	5.10	0.10	2.02	8.00	0.20	215.39	358.00	0.00	246.35	359.00	0.00	185.96	359.00	0.00	21.96	28.60	14.60	985.88	987.20	984.10	53.77	83.10	29.30	0.02	0.46	0.00	99.00	2240.00	0.00	0.00	0.00	0.00	
2018-07-22 01:00:00+02	0.40	3.40	0.00	1.18	4.80	0.10	1.98	7.10	0.30	187.17	359.00	0.00	174.00	359.00	0.00	159.22	359.00	0.00	22.24	29.80	15.60	983.55	984.80	982.40	54.23	76.20	27.70	0.02	0.05	0.00	4.74	10.00	0.00	0.00	2.80	0.00	
2018-07-23 01:00:00+02	0.70	4.80	0.00	1.90	6.50	0.10	3.13	10.80	0.20	246.52	358.00	1.00	230.43	359.00	0.00	144.13	359.00	0.00	22.91	28.50	16.90	985.19	986.60	984.20	52.12	82.60	28.30	0.00	0.05	0.00	0.43	10.00	0.00	0.00	0.00	0.00	
2018-07-24 01:00:00+02	0.74	4.30	0.00	1.93	7.20	0.10	3.11	9.70	0.40	247.17	359.00	0.00	191.04	359.00	0.00	126.65	359.00	1.00	23.17	29.00	16.20	986.26	987.40	984.90	46.60	71.10	28.40	0.00	0.00	0.00	0.00	0.00	0.00	0.00	0.00	0.00	
2018-07-25 01:00:00+02	0.62	3.90	0.00	1.66	6.50	0.10	2.71	9.50	0.20	207.78	359.00	0.00	164.00	359.00	0.00	156.00	358.00	0.00	22.55	29.00	16.40	986.12	987.30	985.20	54.83	75.20	31.50	0.00	0.00	0.00	0.00	0.00	0.00	0.00	0.00	0.00	
2018-07-26 01:00:00+02	0.45	3.50	0.00	1.27	5.70	0.10	2.10	8.40	0.30	174.87	359.00	0.00	168.43	359.00	0.00	184.83	358.00	0.00	22.10	28.30	17.10	987.93	989.30	986.80	64.79	81.10	37.30	0.03	0.15	0.00	283.96	1270.00	0.00	0.01	0.80	0.00	
2018-07-27 01:00:00+02	0.55	3.60	0.00	1.65	7.00	0.10	2.75	9.30	0.30	157.13	359.00	0.00	109.17	359.00	0.00	139.39	359.00	3.00	23.09	27.60	18.40	987.85	989.40	985.90	63.03	79.80	42.70	0.01	0.15	0.00	56.13	1270.00	0.00	0.00	0.00	0.00	
2018-07-28 01:00:00+02	0.34	3.00	0.00	0.98	3.90	0.10	1.63	5.10	0.30	201.04	359.00	0.00	187.57	359.00	0.00	172.43	359.00	0.00	24.88	31.90	18.50	984.37	985.90	983.20	56.26	80.00	32.80	0.00	0.00	0.00	0.00	0.00	0.00	0.00	0.00	0.00	
2018-07-29 01:00:00+02	0.46	3.20	0.00	1.30	7.80	0.10	2.11	12.80	0.20	202.61	358.00	0.00	238.48	359.00	0.00	215.22	359.00	0.00	22.42	29.30	19.50	987.28	989.80	985.10	70.93	81.60	45.10	5.23	10.56	0.00	2442.09	5490.00	0.00	0.46	61.20	0.00	
2018-07-30 01:00:00+02	0.36	5.50	0.00	0.99	8.10	0.10	1.63	10.00	0.20	206.43	359.00	0.00	231.09	358.00	0.00	196.78	359.00	0.00	21.60	28.70	17.40	990.27	991.20	989.20	73.00	83.90	47.50	3.41	10.56	0.00	2054.00	5490.00	0.00	0.30	53.10	0.00	
2018-07-31 01:00:00+02	0.55	4.60	0.00	1.68	6.40	0.10	2.81	9.50	0.20	146.70	359.00	0.00	110.87	359.00	1.00	151.43	359.00	0.00	22.77	28.30	17.90	991.43	992.70	990.20	66.67	85.10	42.70	0.44	6.94	0.00	605.39	4680.00	0.00	0.04	5.00	0.00	
2018-08-01 01:00:00+02	0.58	6.20	0.00	1.79	10.90	0.10	3.03	17.20	0.30	132.70	359.00	0.00	98.09	359.00	0.00	143.61	358.00	0.00	23.65	30.30	19.40	992.46	993.70	991.50	66.84	81.90	42.90	2.92	18.12	0.00	516.91	2640.00	0.00	0.79	69.10	0.00	
2018-08-02 01:00:00+02	0.52	3.20	0.00	1.57	5.20	0.10	2.63	8.50	0.20	149.83	359.00	0.00	95.30	359.00	0.00	131.61	359.00	0.00	25.23	31.50	19.80	993.52	994.40	992.30	60.23	84.60	35.20	0.80	18.12	0.00	127.04	2640.00	0.00	0.00	0.10	0.00	
2018-08-03 01:00:00+02	0.48	4.00	0.00	1.58	5.90	0.10	2.70	8.00	0.30	144.57	359.00	0.00	109.91	355.00	1.00	153.17	359.00	3.00	25.03	30.80	19.80	994.05	995.40	992.40	52.24	80.20	23.40	0.00	0.00	0.00	1.78	40.00	0.00	0.00	0.00	0.00	
2018-08-04 01:00:00+02	0.41	2.60	0.00	1.15	3.80	0.10	1.87	5.50	0.30	207.43	359.00	0.00	238.30	359.00	0.00	205.17	359.00	0.00	25.05	32.40	17.40	991.06	993.00	989.10	50.72	78.40	24.30	0.00	0.00	0.00	0.00	0.00	0.00	0.00	0.00	0.00	
2018-08-05 01:00:00+02	0.52	3.60	0.00	1.42	6.30	0.10	2.33	8.90	0.30	203.52	359.00	0.00	217.61	359.00	0.00	187.87	359.00	0.00	23.04	28.60	19.70	989.62	991.30	988.50	64.50	77.60	41.50	0.95	3.14	0.00	553.70	2630.00	0.00	0.11	34.30	0.00	
2018-08-06 01:00:00+02	0.44	3.00	0.00	1.33	5.60	0.10	2.26	7.60	0.30	231.48	359.00	0.00	246.48	359.00	0.00	152.39	359.00	0.00	21.63	26.60	17.60	991.97	993.60	990.80	55.05	83.40	33.50	0.15	3.14	0.00	138.57	2630.00	0.00	0.00	0.60	0.00	
2018-08-07 01:00:00+02	0.43	3.10	0.00	1.44	4.40	0.10	2.48	7.30	0.20	147.52	359.00	0.00	148.39	359.00	0.00	146.91	359.00	0.00	22.70	28.60	14.80	991.32	992.70	989.80	48.45	76.50	27.40	0.00	0.01	0.00	1.35	30.00	0.00	0.00	0.00	0.00	
2018-08-08 01:00:00+02	0.44	2.40	0.00	1.32	4.30	0.10	2.20	5.60	0.30	157.48	359.00	0.00	105.09	358.00	1.00	140.35	359.00	0.00	24.49	30.10	17.70	990.00	990.80	989.10	52.24	71.40	32.20	0.00	0.00	0.00	0.00	0.00	0.00	0.00	0.00	0.00	
2018-08-09 01:00:00+02	0.40	4.10	0.00	1.32	5.40	0.10	2.29	7.30	0.20	154.70	359.00	0.00	123.17	359.00	0.00	160.52	358.00	3.00	27.19	33.70	20.50	990.47	991.60	989.50	50.37	71.70	29.60	0.00	0.00	0.00	0.00	0.00	0.00	0.00	0.00	0.00	
2018-08-10 01:00:00+02	0.47	4.30	0.00	1.45	7.40	0.10	2.42	15.10	0.30	207.21	359.00	0.00	204.58	359.00	0.00	175.08	359.00	0.00	24.87	32.80	18.90	993.09	997.20	990.60	59.70	82.70	34.30	0.49	4.42	0.00	1082.38	9590.00	0.00	0.18	7.80	0.00	
2018-08-11 01:00:00+02	0.45	2.70	0.00	1.27	4.10	0.10	2.07	6.20	0.30	210.96	359.00	1.00	232.43	359.00	0.00	179.43	359.00	0.00	18.46	21.90	16.40	994.32	995.80	993.00	75.80	83.90	60.30	11.55	14.39	0.00	9447.48	11920.00	0.00	0.62	57.70	0.00	
2018-08-12 01:00:00+02	0.33	2.60	0.00	1.10	3.70	0.10	1.90	5.60	0.30	171.78	359.00	0.00	176.74	359.00	0.00	182.30	359.00	0.00	20.63	25.90	15.20	992.75	995.00	988.80	56.89	83.90	32.70	0.64	14.39	0.00	526.91	11920.00	0.00	0.00	0.00	0.00	
2018-08-13 01:00:00+02	0.44	3.60	0.00	1.22	5.10	0.10	1.99	7.40	0.20	187.04	352.00	1.00	240.30	359.00	3.00	229.04	359.00	0.00	23.48	31.20	14.30	985.44	988.80	982.80	53.72	80.90	30.30	0.00	0.00	0.00	0.00	0.00	0.00	0.00	0.00	0.00	
2018-08-14 01:00:00+02	0.40	5.70	0.00	1.23	11.40	0.10	2.03	16.30	0.30	213.57	358.00	9.00	263.57	358.00	1.00	198.13	359.00	0.00	22.28	27.10	17.90	984.52	987.40	983.10	62.94	80.30	46.10	3.51	6.32	0.00	830.26	1560.00	0.00	0.27	53.40	0.00	
2018-08-15 01:00:00+02	0.66	3.70	0.00	1.90	6.40	0.10	3.06	8.70	0.30	219.87	352.00	42.00	267.96	359.00	0.00	211.04	359.00	0.00	21.19	25.20	18.40	990.18	993.20	987.10	61.12	80.80	41.00	0.28	6.33	0.00	122.04	1600.00	0.00	0.00	0.00	0.00	
2018-08-16 01:00:00+02	0.37	2.90	0.00	1.10	4.60	0.10	1.83	6.60	0.20	164.04	359.00	0.00	145.04	359.00	2.00	171.87	359.00	1.00	20.97	26.00	16.70	992.64	993.80	991.10	60.91	80.00	40.10	0.00	0.00	0.00	2.65	60.00	0.00	0.00	0.00	0.00	
2018-08-17 01:00:00+02	0.44	3.10	0.00	1.48	5.00	0.10	2.56	7.30	0.30	141.61	359.00	0.00	96.00	359.00	0.00	155.04	336.00	2.00	22.30	27.50	17.10	990.47	991.60	989.10	59.90	79.90	39.90	0.00	0.00	0.00	0.00	0.00	0.00	0.00	0.00	0.00	
2018-08-18 01:00:00+02	0.26	2.30	0.00	0.80	3.30	0.10	1.37	5.30	0.20	203.04	359.00	0.00	214.13	359.00	0.00	183.35	359.00	0.00	22.68	29.10	17.30	992.20	994.10	990.20	61.61	81.50	36.50	0.07	0.19	0.00	246.30	670.00	0.00	0.01	2.90	0.00	
2018-08-19 01:00:00+02	0.32	3.20	0.00	0.93	6.30	0.00	1.55	10.90	0.20	205.57	359.00	0.00	216.39	359.00	0.00	187.65	359.00	0.00	22.43	29.00	16.40	993.63	995.10	991.50	61.29	83.60	32.60	0.03	0.19	0.00	304.61	770.00	0.00	0.00	0.70	0.00	
2018-08-20 01:00:00+02	0.40	3.30	0.00	1.08	5.40	0.10	1.76	8.00	0.20	193.04	358.00	11.00	247.70	359.00	0.00	224.87	359.00	0.00	24.21	31.30	16.70	989.58	991.50	987.60	54.52	82.10	31.90	0.00	0.07	0.00	34.04	770.00	0.00	0.00	0.00	0.00	
2018-08-21 01:00:00+02	0.52	3.60	0.00	1.40	5.20	0.10	2.27	7.60	0.30	227.13	359.00	0.00	204.39	359.00	0.00	149.17	359.00	0.00	21.84	25.60	17.40	992.87	994.70	990.20	55.24	75.10	37.60	0.00	0.00	0.00	0.00	0.00	0.00	0.00	0.00	0.00	
2018-08-22 01:00:00+02	0.51	3.30	0.00	1.65	5.10	0.10	2.81	7.00	0.30	131.70	359.00	0.00	96.57	359.00	0.00	140.78	357.00	0.00	21.49	26.30	18.00	994.14	995.50	992.40	50.48	70.20	34.00	0.00	0.00	0.00	0.00	0.00	0.00	0.00	0.00	0.00	
2018-08-23 01:00:00+02	0.40	2.70	0.00	1.32	4.00	0.20	2.29	6.10	0.50	123.81	359.00	0.00	101.33	359.00	2.00	160.00	356.00	2.00	24.08	31.80	16.20	989.14	992.40	986.00	48.52	67.50	29.70	0.00	0.00	0.00	0.00	0.00	0.00	0.00	0.00	0.00	
2018-08-24 01:00:00+02	0.55	4.00	0.00	1.57	8.30	0.10	2.58	13.40	0.30	171.17	358.00	0.00	213.83	355.00	2.00	231.42	359.00	0.00	23.53	29.60	18.80	983.16	984.30	981.80	61.96	83.70	35.10	3.70	7.31	0.00	1369.25	2810.00	0.00	0.63	54.50	0.00	
2018-08-25 01:00:00+02	0.46	3.30	0.00	1.22	4.10	0.10	1.92	5.80	0.20	199.09	357.00	5.00	245.48	359.00	0.00	230.48	359.00	0.00	18.08	19.40	16.70	984.00	985.60	982.20	77.20	83.10	67.00	5.41	8.23	0.00	4652.04	7740.00	0.00	0.35	27.10	0.00	
2018-08-26 01:00:00+02	0.50	2.70	0.00	1.38	4.00	0.10	2.25	5.50	0.40	250.61	359.00	1.00	257.00	359.00	0.00	151.52	359.00	0.00	14.03	16.70	12.20	988.17	990.80	984.80	74.18	83.00	57.70	3.18	8.23	0.00	12806.09	21630.00	0.00	0.19	4.30	0.00	
2018-08-27 01:00:00+02	0.31	2.50	0.00	0.97	3.40	0.10	1.65	4.90	0.20	172.30	359.00	0.00	177.96	359.00	0.00	190.83	359.00	0.00	14.83	19.10	10.50	990.54	991.40	989.70	64.39	83.20	42.90	0.21	4.81	0.00	956.13	21630.00	0.00	0.00	0.00	0.00	
2018-08-28 01:00:00+02	0.44	3.50	0.00	1.23	5.40	0.10	1.99	6.90	0.20	225.61	359.00	0.00	240.78	359.00	0.00	189.61	359.00	0.00	16.98	22.80	10.40	992.03	994.20	990.40	63.17	82.80	43.20	0.00	0.00	0.00	3.17	10.00	0.00	0.00	0.00	0.00	
2018-08-29 01:00:00+02	0.36	2.90	0.00	1.16	4.70	0.10	2.00	6.40	0.30	169.83	359.00	0.00	148.87	359.00	1.00	164.74	359.00	0.00	18.24	23.90	12.20	992.67	994.50	990.20	58.39	83.70	36.40	0.00	0.00	0.00	0.43	10.00	0.00	0.00	0.00	0.00	
2018-08-30 01:00:00+02	0.40	3.80	0.00	1.18	4.80	0.10	1.98	6.90	0.30	198.96	359.00	1.00	216.91	359.00	0.00	198.04	359.00	0.00	20.58	27.90	12.40	989.43	991.50	988.30	56.57	79.90	32.00	0.00	0.00	0.00	0.00	0.00	0.00	0.00	0.00	0.00	
2018-08-31 01:00:00+02	0.45	2.50	0.00	1.40	3.90	0.20	2.31	5.70	0.60	180.39	359.00	0.00	210.17	359.00	0.00	206.30	359.00	0.00	19.07	22.90	16.50	993.11	994.20	991.30	67.08	82.00	47.30	0.19	0.24	0.00	364.09	470.00	0.00	0.01	7.70	0.00	
2018-09-01 01:00:00+02	0.73	3.40	0.00	2.35	6.30	0.40	4.02	9.30	0.90	102.57	359.00	0.00	71.91	138.00	2.00	124.91	237.00	41.00	20.98	25.80	16.70	994.04	994.90	993.30	62.27	76.90	47.50	0.01	0.24	0.00	20.78	470.00	0.00	0.00	0.00	0.00	
2018-09-02 01:00:00+02	0.67	3.20	0.00	2.23	8.40	0.10	3.90	12.30	0.30	121.91	359.00	0.00	95.91	356.00	1.00	139.04	358.00	0.00	21.54	27.10	17.20	994.98	996.00	993.40	55.22	78.70	29.40	0.00	0.00	0.00	0.00	0.00	0.00	0.00	0.00	0.00	
2018-09-03 01:00:00+02	0.61	3.70	0.00	1.94	6.20	0.20	3.28	9.40	0.40	132.52	359.00	0.00	83.74	359.00	0.00	126.35	356.00	1.00	20.99	25.60	15.40	990.55	994.10	987.50	55.83	74.40	40.20	0.01	1.18	0.00	4.70	430.00	0.00	0.05	34.90	0.00	
2018-09-04 01:00:00+02	0.43	5.30	0.00	1.18	8.60	0.10	1.93	13.20	0.30	184.39	359.00	0.00	169.04	359.00	0.00	161.78	359.00	0.00	18.63	22.40	16.40	986.57	988.00	985.80	76.18	84.70	62.60	5.11	42.03	0.00	3899.00	10950.00	10.00	1.83	117.90	0.00	
2018-09-05 01:00:00+02	0.44	2.90	0.00	1.15	4.30	0.10	1.88	6.10	0.30	238.17	359.00	0.00	210.96	359.00	0.00	141.35	359.00	0.00	19.04	24.20	15.50	988.65	989.50	987.40	69.44	86.30	41.50	1.87	42.03	0.00	513.22	10950.00	0.00	0.00	0.10	0.00	
2018-09-06 01:00:00+02	0.40	2.00	0.00	1.00	3.40	0.10	1.58	5.30	0.30	191.00	359.00	0.00	226.87	359.00	1.00	217.70	359.00	0.00	16.98	21.60	12.60	986.92	988.70	985.40	74.74	84.60	52.80	1.24	2.81	0.00	324.57	740.00	0.00	0.12	55.80	0.00	
2018-09-07 01:00:00+02	0.33	2.20	0.00	0.92	4.00	0.10	1.54	5.90	0.20	205.67	359.00	1.00	221.88	359.00	0.00	187.50	359.00	0.00	18.11	25.20	11.30	986.11	988.20	984.90	65.75	85.80	38.00	0.12	2.81	0.00	31.33	740.00	0.00	0.00	0.00	0.00	
2018-09-08 01:00:00+02	0.51	3.30	0.00	1.48	5.00	0.20	2.41	7.80	0.30	212.17	333.00	43.00	262.42	355.00	1.00	235.12	359.00	0.00	16.97	20.20	14.10	991.88	994.70	988.20	74.46	84.20	61.10	0.02	0.05	0.00	91.25	310.00	0.00	0.00	0.50	0.00	
2018-09-09 01:00:00+02	0.50	4.50	0.00	1.37	6.20	0.10	2.21	8.20	0.30	194.46	359.00	0.00	230.42	359.00	0.00	198.38	359.00	0.00	16.81	23.60	11.20	995.63	996.50	994.60	66.84	85.90	37.50	0.00	0.05	0.00	13.12	310.00	0.00	0.00	0.00	0.00	
2018-09-10 01:00:00+02	0.39	3.20	0.00	1.03	4.00	0.10	1.66	5.50	0.20	203.26	359.00	1.00	244.83	359.00	1.00	213.04	359.00	0.00	17.81	25.10	11.20	995.42	996.30	994.30	60.67	84.40	31.50	0.00	0.00	0.00	0.00	0.00	0.00	0.00	0.00	0.00	
2018-09-11 01:00:00+02	0.45	2.90	0.00	1.16	4.10	0.10	1.83	6.40	0.30	200.30	347.00	12.00	250.30	359.00	0.00	233.35	359.00	0.00	17.35	22.90	11.80	995.66	997.00	994.60	64.96	81.20	43.80	0.00	0.00	0.00	0.00	0.00	0.00	0.00	0.00	0.00	
2018-09-12 01:00:00+02	0.38	2.60	0.00	1.02	4.30	0.10	1.63	5.50	0.30	203.52	358.00	6.00	252.78	353.00	25.00	240.39	359.00	0.00	20.61	29.70	12.10	994.41	996.30	991.80	58.48	83.20	28.00	0.00	0.00	0.00	0.00	0.00	0.00	0.00	0.00	0.00	
2018-09-13 01:00:00+02	0.31	2.40	0.00	0.87	3.40	0.10	1.44	4.50	0.20	184.83	359.00	1.00	215.09	359.00	1.00	199.13	359.00	0.00	20.73	28.60	13.60	990.84	992.10	989.30	59.19	81.40	33.20	0.00	0.00	0.00	0.00	0.00	0.00	0.00	0.00	0.00	
2018-09-14 01:00:00+02	0.32	2.60	0.00	0.91	3.40	0.10	1.50	4.80	0.20	218.65	359.00	0.00	213.74	359.00	0.00	151.57	359.00	0.00	17.90	20.30	16.20	991.24	992.40	989.40	74.57	83.90	61.60	0.91	3.73	0.00	941.22	4110.00	0.00	0.16	21.90	0.00	
2018-09-15 01:00:00+02	0.49	5.00	0.00	1.54	6.60	0.10	2.57	8.70	0.30	230.09	359.00	0.00	277.91	359.00	0.00	192.22	359.00	0.00	17.25	21.00	13.40	993.54	997.70	991.00	72.10	85.20	48.00	3.81	4.48	0.00	8982.13	11090.00	0.00	0.19	13.10	0.00	
2018-09-16 01:00:00+02	0.40	3.30	0.00	1.13	5.00	0.10	1.84	6.70	0.20	211.61	359.00	3.00	247.74	359.00	0.00	205.65	359.00	0.00	15.58	21.60	9.90	998.27	999.60	997.30	61.96	83.80	36.60	0.20	4.48	0.00	490.22	11090.00	0.00	0.00	0.00	0.00	
2018-09-17 01:00:00+02	0.23	2.00	0.00	0.77	4.20	0.10	1.35	6.00	0.20	194.87	359.00	0.00	234.57	359.00	0.00	184.52	359.00	0.00	17.77	26.40	9.70	996.01	997.50	994.40	62.41	82.10	38.80	0.00	0.00	0.00	0.00	0.00	0.00	0.00	0.00	0.00	
2018-09-18 01:00:00+02	0.25	2.30	0.00	0.78	3.50	0.10	1.35	4.50	0.30	183.70	359.00	0.00	233.22	358.00	0.00	197.13	359.00	0.00	19.70	27.60	12.60	994.18	995.60	992.50	60.81	83.80	31.90	0.00	0.00	0.00	0.00	0.00	0.00	0.00	0.00	0.00	
2018-09-19 01:00:00+02	0.36	3.10	0.00	1.01	5.00	0.10	1.64	6.60	0.30	201.70	345.00	40.00	253.70	355.00	4.00	240.91	359.00	0.00	19.05	27.70	11.80	994.02	995.10	993.20	59.10	83.70	27.60	0.00	0.00	0.00	0.00	0.00	0.00	0.00	0.00	0.00	
2018-09-20 01:00:00+02	0.30	2.30	0.00	0.84	3.30	0.10	1.36	4.60	0.20	204.57	359.00	3.00	254.39	354.00	7.00	224.52	359.00	0.00	19.07	28.00	11.40	993.84	995.40	992.00	58.69	82.30	27.70	0.00	0.00	0.00	0.00	0.00	0.00	0.00	0.00	0.00	
2018-09-21 01:00:00+02	0.41	3.20	0.00	1.20	5.40	0.10	2.01	8.20	0.20	183.70	359.00	1.00	223.13	359.00	2.00	219.78	359.00	0.00	19.80	28.20	11.20	988.25	992.00	984.10	53.74	81.50	27.70	0.00	0.00	0.00	0.00	0.00	0.00	0.00	0.00	0.00	
2018-09-22 01:00:00+02	0.76	4.10	0.00	2.16	7.80	0.10	3.48	10.70	0.30	201.74	347.00	5.00	253.52	358.00	5.00	236.43	359.00	0.00	13.73	18.90	11.70	991.72	994.00	984.20	66.40	82.00	51.10	7.79	9.35	0.00	10682.83	13400.00	0.00	0.40	54.60	0.00	
2018-09-23 01:00:00+02	0.76	4.80	0.00	2.26	8.10	0.10	3.69	11.60	0.30	182.52	352.00	0.00	229.39	359.00	1.00	229.22	359.00	0.00	14.24	17.20	10.70	987.01	992.80	974.10	59.14	79.30	39.50	0.64	9.35	0.00	952.61	13400.00	0.00	0.02	4.00	0.00	
2018-09-24 01:00:00+02	1.14	4.50	0.10	4.19	10.40	0.50	7.43	24.30	1.10	218.26	316.00	89.00	280.61	348.00	206.00	224.09	359.00	0.00	10.20	15.90	6.90	989.96	999.00	974.00	62.20	76.90	42.30	1.73	5.42	0.10	2742.74	6980.00	50.00	0.16	14.60	0.00	
2018-09-25 01:00:00+02	0.81	3.70	0.00	2.75	6.90	0.20	4.66	10.70	0.50	221.35	346.00	25.00	278.09	350.00	97.00	241.96	359.00	0.00	8.04	12.40	5.20	1005.00	1010.80	999.00	61.26	78.20	37.10	0.16	2.92	0.00	339.61	4400.00	0.00	0.00	1.40	0.00	
2018-09-26 01:00:00+02	0.66	3.60	0.00	1.92	5.80	0.20	3.10	7.90	0.40	202.48	356.00	4.00	251.78	346.00	126.00	253.48	359.00	0.00	9.54	15.00	3.70	1008.17	1011.40	1002.40	56.64	80.00	34.30	0.00	0.10	0.00	24.30	550.00	0.00	0.00	0.00	0.00	
2018-09-27 01:00:00+02	0.75	4.80	0.00	2.34	7.60	0.10	3.89	12.90	0.30	209.35	355.00	1.00	259.09	359.00	2.00	250.43	359.00	0.00	13.49	16.90	9.40	1000.61	1002.60	996.40	54.20	81.40	43.20	0.00	0.00	0.00	0.00	0.00	0.00	0.00	0.00	0.00	
2018-09-28 01:00:00+02	0.62	4.10	0.00	1.83	7.40	0.10	3.01	10.70	0.20	232.30	355.00	3.00	265.65	359.00	0.00	198.91	359.00	0.00	14.50	22.00	7.20	992.19	996.40	989.20	60.65	83.70	33.00	0.00	0.03	0.00	14.91	480.00	0.00	0.00	0.30	0.00	
2018-09-29 01:00:00+02	0.56	4.00	0.00	1.43	5.90	0.10	2.31	8.30	0.30	244.30	359.00	0.00	211.09	359.00	0.00	153.87	359.00	0.00	9.88	14.50	4.10	998.70	1000.30	995.60	58.74	77.50	32.50	0.23	1.31	0.01	907.61	3870.00	50.00	0.06	5.30	0.00	
2018-09-30 01:00:00+02	0.27	1.80	0.00	0.80	3.20	0.10	1.36	4.50	0.20	194.91	359.00	0.00	205.04	359.00	0.00	193.13	359.00	0.00	8.46	16.90	1.70	995.08	1000.20	988.80	57.29	78.90	27.40	0.01	0.20	0.00	38.48	870.00	0.00	0.00	0.00	0.00	
2018-10-01 01:00:00+02	0.44	2.70	0.00	1.24	3.80	0.10	2.02	6.00	0.30	207.61	359.00	0.00	234.52	359.00	0.00	217.30	359.00	0.00	10.69	18.60	2.10	985.33	988.90	983.10	59.44	78.00	38.20	0.00	0.00	0.00	0.00	0.00	0.00	0.00	0.00	0.00	
2018-10-02 01:00:00+02	0.76	4.40	0.00	2.30	6.00	0.50	3.77	8.50	0.90	201.48	291.00	69.00	255.74	337.00	209.00	249.13	359.00	0.00	8.86	11.00	6.20	988.69	990.10	986.30	70.51	81.70	56.10	0.82	1.33	0.00	6615.57	10480.00	0.00	0.05	6.00	0.00	
2018-10-03 01:00:00+02	1.14	5.20	0.10	3.98	9.60	0.80	6.94	18.80	2.00	205.09	290.00	52.00	266.13	332.00	208.00	244.30	359.00	0.00	10.20	14.50	7.00	989.00	995.70	986.10	58.88	71.50	37.30	0.37	1.33	0.00	1368.91	10480.00	0.00	0.03	6.70	0.00	
2018-10-04 01:00:00+02	0.67	3.20	0.00	2.25	6.60	0.10	3.84	10.60	0.30	217.35	355.00	30.00	271.74	355.00	3.00	244.35	359.00	0.00	9.57	14.10	5.50	999.27	1001.80	995.70	61.07	80.20	40.00	0.03	0.65	0.00	69.83	1580.00	0.00	0.00	0.00	0.00	
2018-10-05 01:00:00+02	0.28	2.60	0.00	0.81	3.90	0.10	1.34	5.30	0.20	188.52	359.00	1.00	223.13	358.00	0.00	204.96	359.00	0.00	10.43	19.30	3.20	999.66	1001.90	995.90	61.83	81.00	36.30	0.00	0.00	0.00	6.65	10.00	0.00	0.00	0.10	0.00	
2018-10-06 01:00:00+02	0.38	3.10	0.00	1.00	4.70	0.10	1.65	5.80	0.30	196.35	359.00	0.00	203.65	359.00	0.00	182.43	359.00	0.00	14.04	24.40	4.10	990.71	995.90	987.00	57.51	80.40	30.40	0.00	0.00	0.00	0.43	10.00	0.00	0.00	0.00	0.00	
2018-10-07 01:00:00+02	0.46	4.00	0.00	1.21	6.00	0.10	1.93	8.70	0.20	224.61	359.00	1.00	235.35	359.00	0.00	182.04	359.00	0.00	15.38	21.30	9.80	987.54	994.20	985.60	64.44	77.10	45.90	0.00	0.00	0.00	13.52	20.00	0.00	0.00	0.00	0.00	
2018-10-08 01:00:00+02	0.63	3.00	0.00	1.71	4.20	0.20	2.78	6.00	0.40	165.70	359.00	0.00	71.57	359.00	0.00	115.30	353.00	9.00	11.95	13.90	9.70	996.55	997.60	994.20	62.71	71.80	53.10	0.00	0.00	0.00	0.87	20.00	0.00	0.00	0.00	0.00	
2018-10-09 01:00:00+02	0.31	2.00	0.00	0.94	2.80	0.10	1.60	4.00	0.30	161.22	359.00	0.00	152.22	359.00	0.00	147.43	359.00	0.00	13.68	19.50	9.40	997.96	999.30	996.80	63.67	77.90	42.50	0.00	0.00	0.00	0.00	0.00	0.00	0.00	0.00	0.00	
2018-10-10 01:00:00+02	0.41	2.40	0.00	1.13	3.60	0.10	1.86	5.30	0.30	168.52	359.00	0.00	134.48	359.00	0.00	131.22	359.00	0.00	13.53	21.70	6.40	999.47	1000.70	998.70	63.59	82.00	41.40	0.00	0.00	0.00	0.00	0.00	0.00	0.00	0.00	0.00	
2018-10-11 01:00:00+02	0.42	2.70	0.00	1.23	3.80	0.10	2.04	5.70	0.30	145.52	359.00	0.00	89.04	358.00	0.00	128.30	357.00	0.00	12.78	19.30	7.40	998.47	999.60	997.30	68.56	81.10	51.70	0.00	0.00	0.00	0.00	0.00	0.00	0.00	0.00	0.00	
2018-10-12 01:00:00+02	0.28	2.20	0.00	0.74	3.00	0.10	1.23	4.00	0.20	207.91	359.00	0.00	197.48	359.00	0.00	177.48	359.00	0.00	14.17	22.70	7.40	1000.74	1002.10	998.40	62.05	80.80	34.30	0.00	0.00	0.00	0.00	0.00	0.00	0.00	0.00	0.00	
2018-10-13 01:00:00+02	0.28	1.80	0.00	0.72	2.70	0.10	1.16	4.00	0.20	190.83	359.00	0.00	187.17	359.00	0.00	193.09	359.00	0.00	13.92	22.80	6.50	1001.46	1002.90	999.50	64.92	83.60	37.90	0.00	0.00	0.00	0.00	0.00	0.00	0.00	0.00	0.00	
2018-10-14 01:00:00+02	0.29	1.70	0.00	0.79	2.90	0.10	1.32	4.10	0.20	190.13	359.00	0.00	165.52	359.00	0.00	170.61	359.00	0.00	13.31	23.20	6.20	997.48	999.50	995.40	64.91	84.40	35.90	0.00	0.00	0.00	0.00	0.00	0.00	0.00	0.00	0.00	
2018-10-15 01:00:00+02	0.30	2.00	0.00	0.80	3.10	0.10	1.30	4.30	0.30	216.09	359.00	0.00	202.52	359.00	0.00	175.35	359.00	0.00	12.68	21.30	5.40	995.74	996.80	994.60	61.33	82.50	33.30	0.00	0.00	0.00	0.00	0.00	0.00	0.00	0.00	0.00	
2018-10-16 01:00:00+02	0.31	2.10	0.00	0.88	3.90	0.10	1.45	5.20	0.20	187.39	359.00	0.00	180.57	359.00	0.00	183.30	359.00	0.00	13.54	23.30	5.80	995.12	995.80	994.40	56.28	80.40	26.20	0.00	0.00	0.00	0.00	0.00	0.00	0.00	0.00	0.00	
2018-10-17 01:00:00+02	0.25	1.90	0.00	0.69	2.70	0.10	1.15	4.00	0.30	206.13	359.00	0.00	186.39	359.00	0.00	165.57	359.00	0.00	14.56	22.10	8.60	994.84	995.90	993.80	56.28	77.00	28.40	0.03	0.04	0.00	6.83	10.00	0.00	0.00	2.00	0.00	
2018-10-18 01:00:00+02	0.33	2.00	0.00	0.84	3.60	0.10	1.31	4.70	0.30	192.22	359.00	0.00	228.43	357.00	0.00	222.09	359.00	0.00	14.24	19.30	11.00	992.95	993.80	992.10	66.77	81.90	48.80	0.00	0.04	0.00	0.43	10.00	0.00	0.00	0.00	0.00	
2018-10-19 01:00:00+02	0.58	3.60	0.00	1.61	4.90	0.10	2.56	6.90	0.30	215.00	343.00	16.00	265.22	359.00	0.00	221.09	359.00	0.00	11.42	13.50	10.30	995.30	998.00	993.30	78.78	85.10	70.60	0.02	0.03	0.00	9.96	20.00	0.00	0.00	1.90	0.00	
2018-10-20 01:00:00+02	0.48	3.00	0.00	1.45	3.90	0.20	2.39	7.40	0.40	206.83	342.00	23.00	263.04	341.00	4.00	222.70	359.00	0.00	10.46	12.40	7.10	997.89	998.80	997.00	73.91	81.10	62.20	0.09	0.46	0.00	458.87	2310.00	0.00	0.02	1.80	0.00	
2018-10-21 01:00:00+02	0.46	2.70	0.00	1.28	4.10	0.10	2.07	5.90	0.30	199.74	359.00	0.00	169.91	359.00	0.00	158.87	359.00	0.00	8.04	10.30	5.60	999.77	1001.40	997.60	73.08	83.00	63.60	0.25	0.46	0.00	2774.26	3710.00	0.00	0.01	0.70	0.00	
2018-10-22 01:00:00+02	0.33	2.30	0.00	1.00	4.00	0.10	1.69	7.00	0.30	209.74	359.00	0.00	226.65	359.00	0.00	214.70	359.00	0.00	7.26	13.00	2.70	998.52	1001.20	996.60	73.92	84.20	50.90	0.03	0.34	0.00	217.57	3710.00	0.00	0.00	0.10	0.00	
2018-10-23 01:00:00+02	1.46	6.70	0.10	4.47	11.90	0.80	7.25	19.50	1.30	209.83	319.00	76.00	262.52	343.00	226.00	258.57	359.00	0.00	7.62	9.80	4.80	988.11	997.30	974.60	69.75	81.90	49.00	1.24	6.64	0.00	4255.30	23900.00	0.00	0.27	6.90	0.00	
2018-10-24 01:00:00+02	1.30	5.60	0.20	4.69	11.20	1.10	8.38	17.30	2.10	234.43	314.00	86.00	300.22	345.00	233.00	163.61	359.00	0.00	7.81	9.80	4.70	978.47	987.40	972.80	54.03	78.50	30.20	1.27	8.31	0.04	3690.43	26600.00	50.00	0.12	19.30	0.00	
2018-10-25 01:00:00+02	1.04	5.90	0.10	3.40	8.40	0.50	5.75	13.70	1.40	205.78	314.00	66.00	265.65	335.00	225.00	251.52	359.00	0.00	7.53	11.30	3.00	982.83	987.60	978.70	72.62	82.70	58.40	0.30	1.14	0.00	1520.00	5450.00	0.00	0.04	6.20	0.00	
2018-10-26 01:00:00+02	0.63	3.90	0.00	1.80	5.60	0.10	2.92	7.90	0.30	196.26	359.00	4.00	237.43	359.00	0.00	225.65	359.00	0.00	9.67	12.30	7.00	983.09	985.20	978.80	62.97	77.90	50.20	0.05	1.14	0.00	269.39	5450.00	0.00	0.00	0.00	0.00	
2018-10-27 01:00:00+02	0.42	3.00	0.00	1.27	6.10	0.10	2.12	8.60	0.30	222.87	359.00	0.00	246.52	359.00	0.00	204.91	359.00	0.00	8.80	13.40	5.00	979.94	984.10	976.90	74.13	82.50	54.30	0.66	3.64	0.00	2559.74	17430.00	0.00	0.11	5.10	0.00	
2018-10-28 01:00:00+02	0.82	3.60	0.00	2.61	6.10	0.30	4.64	9.60	1.00	177.30	359.00	0.00	62.35	355.00	1.00	118.78	354.00	17.00	6.10	7.20	5.30	983.97	985.60	981.40	82.19	85.80	77.10	5.15	7.17	0.03	12896.09	19430.00	50.00	0.31	12.40	0.00	
2018-10-29 00:00:00+01	0.47	2.60	0.00	1.43	3.80	0.20	2.46	7.90	0.40	155.13	359.00	0.00	97.22	359.00	1.00	140.09	358.00	0.00	12.26	18.30	7.00	981.27	982.30	979.40	77.46	86.00	62.90	0.34	7.27	0.00	971.83	17010.00	0.00	0.00	1.00	0.00	
2018-10-30 00:00:00+01	0.97	4.60	0.00	2.67	8.20	0.10	4.46	14.70	0.30	125.30	359.00	0.00	153.61	353.00	3.00	198.70	359.00	1.00	18.45	23.00	13.50	980.61	987.40	977.80	46.79	66.60	28.20	0.00	0.04	0.00	15.48	350.00	0.00	0.00	0.00	0.00	
2018-10-31 00:00:00+01	0.44	3.80	0.00	1.06	6.80	0.10	1.71	9.10	0.30	202.70	359.00	0.00	208.70	359.00	0.00	195.91	359.00	0.00	12.90	19.70	6.20	994.42	997.10	988.30	52.50	73.90	31.60	0.00	0.00	0.00	0.00	0.00	0.00	0.00	0.00	0.00	
2018-11-01 00:00:00+01	0.47	3.10	0.00	1.28	4.90	0.10	2.12	6.70	0.20	158.35	359.00	0.00	135.13	359.00	0.00	154.61	359.00	0.00	12.36	19.10	4.80	993.77	996.80	991.00	59.77	80.00	39.60	0.00	0.00	0.00	0.00	0.00	0.00	0.00	0.00	0.00	
2018-11-02 00:00:00+01	0.35	2.10	0.00	0.86	4.20	0.10	1.43	6.30	0.40	205.48	359.00	0.00	192.00	359.00	0.00	165.96	359.00	0.00	16.55	21.70	12.70	994.95	997.80	991.60	57.33	76.00	37.20	0.25	0.32	0.00	1863.48	2380.00	0.00	0.01	1.50	0.00	
2018-11-03 00:00:00+01	0.51	2.90	0.00	1.34	4.10	0.10	2.15	5.40	0.30	215.96	359.00	0.00	166.04	359.00	0.00	156.70	359.00	1.00	12.11	13.80	10.00	998.99	1001.10	996.70	82.27	84.30	77.20	0.77	0.81	0.02	2713.78	4330.00	50.00	0.04	3.80	0.00	
2018-11-04 00:00:00+01	0.64	2.60	0.00	1.95	7.70	0.20	3.47	14.60	0.60	151.74	359.00	0.00	88.30	356.00	1.00	149.09	338.00	12.00	11.22	12.90	9.90	996.55	999.70	993.90	82.68	85.60	78.20	0.04	0.81	0.00	123.35	2790.00	0.00	0.00	0.00	0.00	
2018-11-05 00:00:00+01	0.39	2.70	0.00	1.26	3.80	0.10	2.18	5.10	0.50	150.78	359.00	0.00	90.91	359.00	0.00	153.13	353.00	22.00	12.21	15.10	10.50	992.86	994.30	991.60	78.43	84.70	62.70	0.00	0.00	0.00	0.00	0.00	0.00	0.00	0.00	0.00	
2018-11-06 00:00:00+01	0.50	2.50	0.00	1.27	4.60	0.20	2.13	6.70	0.40	217.96	359.00	0.00	165.70	359.00	0.00	139.43	359.00	0.00	11.30	18.90	6.90	992.01	993.20	990.80	69.77	86.00	40.40	0.00	0.00	0.00	0.00	0.00	0.00	0.00	0.00	0.00	
2018-11-07 00:00:00+01	0.31	1.60	0.00	0.88	2.80	0.10	1.46	4.60	0.40	211.48	359.00	0.00	146.35	359.00	0.00	135.96	359.00	0.00	8.73	16.30	3.80	991.08	991.90	990.20	70.79	84.10	47.10	0.00	0.00	0.00	0.00	0.00	0.00	0.00	0.00	0.00	
2018-11-08 00:00:00+01	0.25	1.50	0.00	0.64	2.20	0.10	1.05	3.00	0.30	216.48	359.00	0.00	235.00	359.00	0.00	211.43	359.00	0.00	9.72	17.80	3.90	993.72	995.00	991.60	69.53	82.50	47.20	0.00	0.00	0.00	0.00	0.00	0.00	0.00	0.00	0.00	
2018-11-09 00:00:00+01	0.24	1.70	0.00	0.71	2.80	0.10	1.21	3.70	0.30	202.87	359.00	0.00	164.04	359.00	0.00	158.17	359.00	0.00	8.11	13.40	4.10	992.62	994.80	990.60	77.67	85.50	59.50	0.00	0.00	0.00	0.00	0.00	0.00	0.00	0.00	0.00	
2018-11-10 00:00:00+01	0.21	1.80	0.00	0.64	2.50	0.10	1.11	3.40	0.30	209.78	359.00	0.00	155.87	359.00	0.00	162.26	359.00	0.00	7.52	12.60	4.80	988.91	990.50	987.80	78.56	85.50	60.90	0.00	0.00	0.00	0.00	0.00	0.00	0.00	0.00	0.00	
2018-11-11 00:00:00+01	0.26	1.80	0.00	0.67	2.80	0.10	1.10	3.90	0.20	193.39	359.00	0.00	177.52	359.00	0.00	184.91	359.00	0.00	6.71	15.40	0.70	990.24	994.50	988.60	72.83	83.60	48.40	0.00	0.00	0.00	0.00	0.00	0.00	0.00	0.00	0.00	
2018-11-12 00:00:00+01	0.28	1.90	0.00	0.69	2.70	0.10	1.11	3.70	0.20	217.26	359.00	0.00	180.43	359.00	0.00	166.00	359.00	0.00	8.11	14.80	2.50	996.30	997.40	994.60	72.54	83.40	52.30	0.00	0.00	0.00	0.00	0.00	0.00	0.00	0.00	0.00	
2018-11-13 00:00:00+01	0.39	2.80	0.00	1.16	5.70	0.20	1.99	9.80	0.30	214.96	359.00	0.00	242.74	359.00	0.00	234.00	359.00	0.00	10.01	17.60	3.30	996.87	999.20	995.30	68.94	82.10	44.30	0.02	0.36	0.00	161.91	2700.00	0.00	0.01	2.20	0.00	
2018-11-14 00:00:00+01	0.67	4.10	0.00	2.18	5.60	0.30	3.64	8.90	0.60	219.91	330.00	81.00	273.78	349.00	0.00	239.83	359.00	0.00	8.81	10.20	7.50	1001.44	1002.70	999.60	72.82	79.20	59.80	0.14	0.39	0.00	721.91	2890.00	0.00	0.02	3.00	0.00	
2018-11-15 00:00:00+01	0.48	2.40	0.00	1.31	4.40	0.10	2.13	6.90	0.40	203.26	359.00	0.00	136.26	359.00	0.00	137.52	359.00	0.00	7.85	9.60	6.60	1003.64	1004.90	1002.50	69.60	82.00	56.70	0.04	0.39	0.00	267.39	1900.00	0.00	0.00	0.50	0.00	
2018-11-16 00:00:00+01	0.65	2.90	0.00	2.55	5.80	0.40	4.67	8.80	1.00	152.96	359.00	0.00	73.26	122.00	15.00	138.04	264.00	48.00	4.75	6.40	1.90	1008.14	1010.30	1005.30	68.02	74.80	60.40	0.00	0.03	0.00	10.61	240.00	0.00	0.00	0.00	0.00	
2018-11-17 00:00:00+01	0.64	3.20	0.00	2.24	5.90	0.30	3.96	9.60	0.60	155.26	359.00	0.00	69.83	137.00	7.00	128.57	250.00	46.00	0.63	3.50	-1.40	1009.04	1010.60	1007.00	59.75	75.00	40.10	0.00	0.00	0.00	0.00	0.00	0.00	0.00	0.00	0.00	
2018-11-18 00:00:00+01	0.38	2.50	0.00	1.10	3.40	0.20	1.79	5.30	0.40	187.09	359.00	0.00	157.48	358.00	0.00	154.74	359.00	0.00	-0.34	1.60	-3.00	999.99	1006.90	994.00	60.85	74.50	50.80	0.00	0.00	0.00	0.00	0.00	0.00	0.00	0.00	0.00	
2018-11-19 00:00:00+01	0.68	3.10	0.00	2.55	5.60	0.30	4.60	9.50	0.60	150.48	359.00	0.00	71.13	176.00	23.00	133.43	290.00	61.00	0.23	1.10	-0.60	993.33	994.90	992.10	71.95	76.90	67.00	0.00	0.00	0.00	0.00	0.00	0.00	0.00	0.00	0.00	
2018-11-20 00:00:00+01	0.85	4.20	0.00	3.54	8.00	0.50	6.72	13.70	1.10	160.22	359.00	0.00	73.13	113.00	39.00	138.48	243.00	83.00	0.21	0.60	-0.10	992.01	995.30	989.60	72.13	78.10	66.60	1.78	8.31	0.00	2679.43	12340.00	0.00	0.35	11.40	0.00	
2018-11-21 00:00:00+01	0.69	5.00	0.00	2.87	6.50	0.70	5.41	10.90	1.80	165.48	359.00	0.00	70.91	111.00	33.00	136.96	258.00	71.00	0.33	0.80	-0.30	993.11	996.00	990.60	74.89	78.60	71.70	0.37	8.31	0.00	545.91	12350.00	0.00	0.00	0.00	0.00	
2018-11-22 00:00:00+01	0.57	3.20	0.00	2.14	5.90	0.30	3.87	9.40	0.70	157.04	359.00	0.00	69.22	123.00	2.00	131.17	257.00	46.00	0.50	1.50	0.00	996.92	998.20	995.80	75.17	78.50	71.10	0.00	0.00	0.00	0.00	0.00	0.00	0.00	0.00	0.00	
2018-11-23 00:00:00+01	0.46	2.30	0.00	1.56	3.70	0.30	2.69	5.40	0.50	152.35	359.00	0.00	68.17	150.00	9.00	129.30	261.00	30.00	1.35	2.30	0.20	997.91	999.20	995.00	78.43	83.00	75.00	0.00	0.00	0.00	0.00	0.00	0.00	0.00	0.00	0.00	
2018-11-24 00:00:00+01	0.37	2.50	0.00	1.09	3.40	0.10	1.82	4.60	0.30	176.00	359.00	0.00	136.57	359.00	0.00	158.87	359.00	1.00	3.01	5.50	0.20	989.28	994.60	986.80	81.36	83.60	73.90	0.11	0.28	0.00	1320.70	3570.00	0.00	0.01	1.00	0.00	
2018-11-25 00:00:00+01	0.40	2.60	0.00	1.17	4.40	0.10	1.94	8.30	0.40	157.91	359.00	0.00	136.00	356.00	0.00	174.91	358.00	1.00	6.24	7.50	5.40	985.97	988.30	983.00	78.86	83.70	69.50	0.01	0.28	0.00	157.83	3570.00	0.00	0.00	0.00	0.00	
2018-11-26 00:00:00+01	0.92	4.40	0.00	3.34	7.20	0.50	5.97	11.70	1.50	175.17	359.00	0.00	55.39	90.00	9.00	116.26	239.00	50.00	3.51	5.80	-0.10	981.86	984.50	980.80	73.66	79.80	64.90	0.08	0.12	0.00	983.52	1550.00	0.00	0.00	0.50	0.00	
2018-11-27 00:00:00+01	0.81	4.10	0.00	2.34	6.10	0.10	3.87	9.00	0.30	195.22	359.00	0.00	60.13	359.00	0.00	101.09	351.00	1.00	-0.55	0.90	-1.50	990.17	996.40	984.60	64.76	76.50	55.50	0.01	0.12	0.00	68.52	1550.00	0.00	0.00	0.00	0.00	
2018-11-28 00:00:00+01	0.49	2.90	0.00	1.67	4.90	0.20	2.92	7.30	0.50	173.61	359.00	0.00	109.91	357.00	0.00	142.22	359.00	0.00	-0.70	0.90	-2.90	1001.28	1005.80	996.40	63.10	74.30	51.10	0.00	0.00	0.00	0.00	0.00	0.00	0.00	0.00	0.00	
2018-11-29 00:00:00+01	0.60	3.20	0.00	2.07	5.50	0.30	3.71	8.90	0.70	131.39	359.00	0.00	87.91	357.00	6.00	148.91	276.00	32.00	-3.50	-0.20	-6.00	1005.00	1006.80	1002.20	60.83	71.50	46.80	0.00	0.00	0.00	0.00	0.00	0.00	0.00	0.00	0.00	
2018-11-30 00:00:00+01	0.43	3.30	0.00	1.55	4.60	0.20	2.76	7.90	0.60	161.09	359.00	0.00	71.43	359.00	0.00	134.26	306.00	24.00	-3.36	0.90	-6.30	997.82	1002.20	993.90	56.20	69.60	41.40	0.00	0.00	0.00	0.00	0.00	0.00	0.00	0.00	0.00	
2018-12-01 00:00:00+01	0.42	3.00	0.00	1.18	3.90	0.10	1.91	5.60	0.40	172.17	359.00	0.00	183.04	351.00	0.00	205.61	359.00	0.00	-4.78	0.10	-9.90	991.86	993.70	990.50	65.01	76.30	54.10	0.00	0.00	0.00	0.00	0.00	0.00	0.00	0.00	0.00	
2018-12-02 00:00:00+01	0.27	2.60	0.00	0.76	3.60	0.10	1.25	5.30	0.20	197.57	359.00	0.00	195.57	359.00	0.00	195.04	359.00	0.00	1.90	7.80	-2.20	986.36	990.80	981.10	66.58	76.70	48.90	0.02	0.14	0.00	125.39	1050.00	0.00	0.01	1.40	0.00	
2018-12-03 00:00:00+01	0.41	3.00	0.00	1.16	4.80	0.10	1.87	7.30	0.30	216.87	359.00	0.00	242.39	359.00	1.00	221.04	359.00	0.00	6.41	10.10	2.10	979.98	980.80	978.90	71.54	78.50	61.70	0.16	0.18	0.00	1075.87	1480.00	0.00	0.01	1.70	0.00	
2018-12-04 00:00:00+01	0.55	3.90	0.00	1.84	7.20	0.10	3.09	10.90	0.30	221.57	359.00	3.00	248.83	359.00	0.00	223.96	359.00	0.00	6.40	8.50	3.90	984.26	994.60	979.00	75.92	82.40	64.10	0.29	0.38	0.00	1580.96	2090.00	0.00	0.02	1.60	0.00	
2018-12-05 00:00:00+01	0.58	3.20	0.00	1.90	5.60	0.10	3.14	8.80	0.40	213.39	340.00	10.00	266.17	357.00	10.00	239.43	359.00	0.00	1.81	3.70	0.20	999.85	1002.10	995.30	68.43	73.60	57.20	0.02	0.38	0.00	92.39	2090.00	0.00	0.00	0.00	0.00	
2018-12-06 00:00:00+01	0.22	1.80	0.00	0.68	2.30	0.10	1.17	3.20	0.30	172.87	359.00	0.00	169.78	359.00	0.00	189.52	359.00	0.00	1.75	4.20	-1.60	996.57	1000.80	992.30	61.96	76.00	47.10	0.01	0.22	0.00	9.96	370.00	0.00	0.01	4.40	0.00	
2018-12-07 00:00:00+01	0.42	2.80	0.00	1.12	3.70	0.10	1.77	5.30	0.30	195.13	359.00	0.00	226.70	356.00	0.00	217.13	359.00	0.00	5.41	8.80	1.90	985.63	992.10	977.30	71.26	79.90	59.50	0.09	0.30	0.00	1007.48	1260.00	0.00	0.00	0.60	0.00	
2018-12-08 00:00:00+01	0.79	4.50	0.00	2.38	7.30	0.10	3.90	10.60	0.40	202.13	357.00	1.00	246.09	358.00	3.00	239.39	359.00	0.00	6.35	8.30	2.10	979.20	981.20	975.90	67.35	80.90	53.60	1.25	1.45	0.00	6948.83	8500.00	0.00	0.07	3.40	0.00	
2018-12-09 00:00:00+01	1.02	6.80	0.00	3.07	9.30	0.40	5.06	13.60	0.80	179.13	356.00	10.00	236.96	345.00	131.00	238.04	359.00	0.00	6.11	9.00	3.60	972.33	978.50	969.00	67.35	76.60	54.60	0.98	1.79	0.00	5083.04	9440.00	0.00	0.07	2.50	0.00	
2018-12-10 00:00:00+01	0.92	4.20	0.00	3.15	7.30	0.50	5.40	12.00	1.00	204.83	323.00	81.00	268.26	359.00	15.00	236.04	359.00	0.00	3.78	6.10	0.60	979.50	983.70	973.70	71.19	80.50	59.50	1.27	1.79	0.00	4186.96	9440.00	0.00	0.06	3.60	0.00	
2018-12-11 00:00:00+01	0.52	3.30	0.00	1.56	5.50	0.20	2.56	7.40	0.50	186.30	287.00	38.00	247.91	341.00	6.00	228.52	359.00	0.00	1.27	2.00	0.60	983.65	986.00	982.60	78.35	80.70	73.50	0.10	1.41	0.00	861.17	4910.00	0.00	0.00	0.40	0.00	
2018-12-12 00:00:00+01	0.47	2.60	0.00	1.28	3.60	0.20	2.04	5.80	0.40	224.04	359.00	0.00	168.13	359.00	0.00	123.96	359.00	0.00	1.16	2.00	-0.30	990.99	995.20	986.20	75.77	80.70	67.90	0.00	0.11	0.00	78.26	1770.00	0.00	0.00	0.00	0.00	
2018-12-13 00:00:00+01	0.53	2.00	0.00	1.36	3.20	0.30	2.13	4.60	0.80	211.65	348.00	75.00	259.78	357.00	5.00	221.91	359.00	0.00	-0.11	0.50	-0.90	994.56	995.30	994.00	76.69	79.90	70.30	0.00	0.00	0.00	0.00	0.00	0.00	0.00	0.00	0.00	
2018-12-14 00:00:00+01	0.61	3.40	0.00	1.90	4.80	0.20	3.19	7.40	0.50	171.83	359.00	0.00	82.83	358.00	0.00	113.25	359.00	0.00	-0.51	0.60	-1.30	996.71	997.90	995.00	73.18	78.10	65.10	0.00	0.00	0.00	8.79	10.00	0.00	0.00	0.00	0.00	
2018-12-15 00:00:00+01	0.77	4.10	0.10	2.92	7.80	0.50	5.30	12.20	1.40	162.71	359.00	0.00	63.83	122.00	22.00	128.33	263.00	47.00	-0.73	0.00	-2.10	996.14	997.70	992.30	68.16	79.00	54.60	0.00	0.00	0.00	0.42	10.00	0.00	0.00	0.00	0.00	
2018-12-16 00:00:00+01	0.31	2.70	0.00	1.00	4.00	0.20	1.75	7.00	0.40	174.75	359.00	0.00	161.08	359.00	0.00	169.17	359.00	0.00	-1.97	1.10	-6.00	991.27	992.30	990.50	69.47	78.30	52.60	0.00	0.00	0.00	0.00	0.00	0.00	0.00	0.00	0.00	
2018-12-17 00:00:00+01	0.26	2.00	0.00	0.77	2.80	0.10	1.35	4.80	0.30	189.21	355.00	1.00	242.62	359.00	0.00	205.96	359.00	0.00	-3.42	0.60	-7.50	994.92	999.20	991.60	73.19	79.70	67.50	0.00	0.00	0.00	0.00	0.00	0.00	0.00	0.00	0.00	
2018-12-18 00:00:00+01	0.34	2.60	0.00	1.00	3.90	0.10	1.67	5.10	0.40	171.04	359.00	0.00	182.46	359.00	1.00	196.62	359.00	0.00	0.88	2.50	-1.00	1000.74	1002.20	999.10	71.27	79.40	64.40	0.00	0.00	0.00	0.00	0.00	0.00	0.00	0.00	0.00	
2018-12-19 00:00:00+01	0.53	2.80	0.00	1.71	4.90	0.30	2.92	7.40	0.70	136.83	359.00	0.00	72.12	358.00	0.00	128.83	290.00	12.00	-3.36	-1.00	-5.00	998.08	1001.10	994.50	75.29	82.00	70.10	0.00	0.00	0.00	0.00	0.00	0.00	0.00	0.00	0.00	
2018-12-20 00:00:00+01	0.39	2.40	0.00	1.14	3.00	0.20	1.87	4.50	0.50	181.08	359.00	0.00	137.21	359.00	0.00	161.33	359.00	0.00	-2.23	0.10	-5.20	992.49	994.60	990.70	72.36	76.20	67.90	0.00	0.00	0.00	4.67	10.00	0.00	0.00	0.00	0.00	
2018-12-21 00:00:00+01	0.37	4.40	0.00	1.06	7.00	0.10	1.75	11.40	0.20	197.08	357.00	0.00	224.08	359.00	0.00	196.71	359.00	0.00	3.29	7.00	-0.60	988.27	992.90	979.80	66.73	76.20	49.20	0.03	0.22	0.00	267.38	1970.00	0.00	0.01	1.30	0.00	
2018-12-22 00:00:00+01	0.96	6.00	0.10	3.45	9.80	0.70	5.99	14.40	1.50	198.75	272.00	75.00	263.21	328.00	201.00	218.54	359.00	0.00	6.98	9.00	4.60	980.23	987.40	977.70	67.49	76.30	61.60	0.92	2.12	0.00	3776.17	8450.00	0.00	0.08	5.60	0.00	
2018-12-23 00:00:00+01	0.67	3.30	0.00	2.06	5.30	0.10	3.39	8.10	0.40	199.50	302.00	55.00	258.58	339.00	163.00	244.42	359.00	0.00	4.07	5.40	2.90	988.88	992.10	984.00	75.42	80.60	64.30	0.61	2.12	0.00	5297.96	9130.00	0.00	0.04	1.30	0.00	
2018-12-24 00:00:00+01	0.76	4.40	0.00	2.54	8.00	0.20	4.42	12.00	0.60	235.29	349.00	75.00	287.29	359.00	0.00	167.38	359.00	0.00	1.97	4.90	-0.40	988.09	997.30	979.50	70.25	81.40	58.10	0.23	1.12	0.00	2714.25	9220.00	0.00	0.01	1.30	0.00	
2018-12-25 00:00:00+01	0.76	3.70	0.10	2.60	5.40	0.80	4.47	8.20	1.60	198.08	305.00	61.00	261.58	338.00	223.00	232.04	359.00	0.00	0.39	2.40	-1.30	996.83	998.20	995.70	74.58	80.40	57.30	0.02	0.25	0.00	268.17	2970.00	0.00	0.00	0.40	0.00	
2018-12-26 00:00:00+01	0.80	4.10	0.10	2.81	6.20	0.80	4.89	9.90	1.80	195.96	273.00	70.00	263.25	321.00	221.00	239.75	359.00	0.00	3.04	3.80	2.20	996.17	997.00	995.20	76.66	79.70	73.00	0.06	0.07	0.00	797.00	930.00	0.00	0.00	0.50	0.00	
2018-12-27 00:00:00+01	0.93	4.20	0.10	2.95	7.10	0.40	4.96	10.10	1.10	202.33	277.00	87.00	261.54	311.00	225.00	258.21	359.00	0.00	4.77	6.50	3.20	995.21	997.10	993.30	77.92	82.80	72.00	0.18	0.28	0.00	1418.25	2140.00	0.00	0.01	1.50	0.00	
2018-12-28 00:00:00+01	0.79	4.70	0.10	2.67	6.90	0.60	4.56	11.40	1.30	206.21	288.00	85.00	268.21	335.00	210.00	232.92	359.00	0.00	4.75	5.60	4.00	993.70	996.20	992.00	76.03	80.70	70.80	0.15	0.36	0.00	810.42	2140.00	0.00	0.01	2.40	0.00	
2018-12-29 00:00:00+01	0.77	3.80	0.10	2.33	6.20	0.60	3.76	8.90	1.10	209.21	288.00	76.00	266.25	330.00	218.00	242.71	359.00	0.00	4.03	4.40	3.60	997.24	998.70	994.40	76.62	80.00	70.00	0.13	0.36	0.00	1045.62	1860.00	0.00	0.01	1.10	0.00	
2018-12-30 00:00:00+01	0.77	4.00	0.00	2.36	6.90	0.20	3.89	12.10	0.50	199.54	280.00	55.00	257.46	335.00	175.00	249.21	359.00	0.00	3.65	4.70	1.50	992.29	994.50	991.00	75.53	80.00	66.70	0.23	1.13	0.00	1619.33	8230.00	0.00	0.04	2.00	0.00	
2018-12-31 00:00:00+01	0.60	3.40	0.00	2.06	4.90	0.30	3.45	7.60	0.60	226.96	313.00	81.00	287.79	349.00	1.00	210.54	359.00	0.00	2.78	3.60	1.50	999.01	1002.60	993.90	71.26	79.70	62.00	0.14	1.13	0.00	1276.17	8230.00	0.00	0.00	0.70	0.00	